category,2025-predictions,2026-fifa-world-cup,2026-nfl-draft,abraham-accords,acquisitions,airdrops,anthropic,awards,base,basketball,bernie-sanders,best-of-2025,big-tech,bitcoin,brazil,bundesliga,business,california-midterm,celebrities,champions-league,claude-5,climate-science,colombia-election,colorado-midterm,comex-gold-futures,comex-silver-futures,commodities,congress,connecticut-primary,crypto-prices,delaware-midterm,democratic-primary,economic-policy,epstein,extended,fdv,felix,fifa-world-cup,foreign-policy,formula1
2025-predictions,7.062564251250025e-06,-1.5238423267453e-11,0.0,-7.548060552702497e-11,-1.3404617774351005e-11,5.527576006173048e-09,-1.930295830799686e-12,-1.6190824721669236e-10,-2.325876918453952e-09,-1.003095426862739e-09,-1.0328074293989035e-10,2.332156395937365e-07,-1.6847975382077873e-10,-2.4744613341799704e-12,-2.297902939717205e-12,3.8620136407000554e-10,3.978306110832368e-11,-9.342192446352993e-11,6.048367676772776e-12,-1.0935646901504364e-11,-5.358437349076012e-12,-1.8358644347856325e-11,-1.142881745058922e-10,-1.3842323610799924e-10,-1.994053839004183e-11,-1.252458685179117e-08,-9.410681549471146e-09,-1.455621335816307e-10,-1.7687556796361017e-12,-3.095631990318134e-12,1.468943661502166e-11,-3.9839042993530535e-08,-2.8858992496561873e-12,-6.818278067024884e-11,-4.858301431312518e-12,-2.110050410300023e-11,-4.243609390590601e-06,-3.5044662005095947e-12,-1.3563111869174966e-12,-1.6326882072272033e-11
2026-fifa-world-cup,-1.5238423267453e-11,9.975628314929374e-06,0.0,-9.593897286875268e-11,-1.7037823848790706e-11,6.561033711828427e-12,-2.453485872916851e-12,-2.0579208166776236e-10,-6.756920973214317e-12,-1.2749757937236097e-09,-1.312740978373423e-10,-9.008332206853288e-09,-2.141447384780083e-10,-3.1451427442472222e-12,-2.9207297192337184e-12,-1.3818624459620235e-12,5.056591681609044e-11,-1.18743131614713e-10,7.687725587130081e-12,-1.3899659708083355e-11,-6.810795592629979e-12,-2.3334596611913946e-11,-1.4526499882430624e-10,-7.336794478075432e-07,-2.5345249395299445e-11,3.1874181647436054e-11,-8.630936603027432e-12,-1.8501549486649764e-10,-2.248161656563837e-12,-3.9346763510593125e-12,1.86708817586446e-11,-1.812636228320286e-11,-3.6680973593355796e-12,-8.66631355056825e-11,-6.175102146473074e-12,-2.681961381364382e-11,2.7704424366885526e-07,-4.4543215489945725e-12,-1.7239276401495253e-12,-2.0752142689187123e-11
2026-nfl-draft,0.0,0.0,0.0,0.0,0.0,0.0,0.0,0.0,0.0,0.0,0.0,0.0,0.0,0.0,0.0,0.0,0.0,0.0,0.0,0.0,0.0,0.0,0.0,0.0,0.0,0.0,0.0,0.0,0.0,0.0,0.0,0.0,0.0,0.0,0.0,0.0,0.0,0.0,0.0,0.0
abraham-accords,-7.548060552702497e-11,-9.593897286875268e-11,0.0,3.730439790794686e-05,-8.439359101648313e-11,3.2498821483046726e-11,-1.2152871467699847e-11,-1.019351586730516e-09,-3.3469111443163376e-11,-6.315347936823694e-09,-6.50241053215709e-10,-4.462104496166337e-08,4.547274985671726e-07,-1.5578861056558492e-11,-1.4467274200174648e-11,-6.844790458015848e-12,2.5046856576424725e-10,4.766863829829667e-08,-9.224205098731585e-08,-2.005970676279717e-07,-3.373596903234855e-11,-1.1558344659962247e-10,-7.1954229651565e-10,1.8463857804864602e-07,-1.2554282933434153e-10,1.5788264239683045e-10,-4.275168825723144e-11,-3.2195720228429596e-06,-1.1135837362026992e-11,-1.3674153314848003e-07,9.248263000253935e-11,-8.978545726975685e-11,-1.816921639170396e-11,3.087386595308683e-07,2.4540270591031026e-07,1.1104490821268458e-07,-4.9428404961955506e-08,-2.206362704521288e-11,1.0727787005618823e-07,-1.0279175664509479e-10
acquisitions,-1.3404617774351005e-11,-1.7037823848790706e-11,0.0,-8.439359101648313e-11,3.4693235493195213e-06,5.7714730433774575e-12,-2.158231187308291e-12,-1.81026878393402e-10,-5.943787056426459e-12,-1.121544065711691e-09,-1.1547645542440447e-10,-7.924261447387329e-09,-1.8837436900818353e-10,-2.7666534517686653e-12,-2.5692464910159928e-12,-1.2155678825652614e-12,2.567154426028629e-08,-1.0445347689116884e-10,6.762577810112881e-12,-1.2226962219796663e-11,-1.6721642282171527e-07,-2.0526490373150993e-11,-1.2778367886593352e-10,-1.547686838719692e-10,3.3318773281815133e-08,2.8038414103293762e-11,-7.592281968262985e-12,-1.6275056464109157e-10,-1.977615870897875e-12,-3.461173877771259e-12,1.642401113895356e-11,-1.5945019624485743e-11,2.995936543608904e-09,-7.623401622276997e-11,-5.431984827973596e-12,-2.3592117486027337e-11,-8.77800159504074e-09,-3.918284507548588e-12,-1.516468645164721e-12,-1.8254811266562125e-11
airdrops,5.527576006173048e-09,6.561033711828427e-12,0.0,3.2498821483046726e-11,5.7714730433774575e-12,6.806029248322499e-06,-1.0311794235684665e-10,6.971098318816864e-11,2.2888713722617637e-12,4.31891331295642e-10,4.446840885817508e-11,2.4425077401883886e-06,7.254040166607699e-11,1.0654005304374837e-12,9.89381800818644e-13,4.680986214733967e-13,-1.712893785073202e-11,4.0223610085582815e-11,-2.604176530101068e-12,9.208103854866932e-09,2.3071211156829742e-12,7.904471634346173e-12,4.920775283870233e-11,5.959931041844477e-11,8.585569669037747e-12,-1.0797211063484328e-11,2.92368429123052e-12,6.267302389704844e-11,6.287934462743233e-09,1.3328508790846962e-12,-6.324662804502456e-12,-7.981399505469537e-10,1.2425486504482208e-12,2.935668045782301e-11,2.0917833107526465e-12,9.085002846196183e-12,9.84473565360807e-09,5.829966133600039e-11,1.1212151178824364e-10,7.0296789769581055e-12
anthropic,-1.930295830799686e-12,-2.453485872916851e-12,0.0,-1.2152871467699847e-11,-2.158231187308291e-12,-1.0311794235684665e-10,1.9577330858539757e-08,-8.865826663564836e-09,-8.559190248702729e-13,-1.615049284168185e-10,-1.662887552733987e-11,-1.1411118982688865e-09,-2.7126342969791645e-11,-3.9840446875211365e-13,-3.699774117688125e-13,-5.3432231155283694e-11,6.405333196062043e-12,-1.5041541232257625e-11,9.738267791042204e-13,-1.7607107187628452e-12,-8.627434811426505e-13,-2.9558618869429776e-12,-1.84011440468767e-11,-2.2287046915136064e-11,-3.21055718033657e-12,4.037596204300805e-12,-1.093306088714862e-12,-1.326336028900369e-09,-2.8478123992626784e-13,-4.984170096008391e-13,2.3650954290687482e-12,3.5258346795383453e-10,-4.646486657721364e-13,-1.0977873905625522e-11,-7.822183252749769e-13,-3.3973192514413936e-12,-1.5195482852562646e-09,-5.642419930302344e-13,-2.183749773829666e-13,-2.628734863839561e-12
awards,-1.6190824721669236e-10,-2.0579208166776236e-10,0.0,-1.019351586730516e-09,-1.81026878393402e-10,6.971098318816864e-11,-8.865826663564836e-09,0.00015999326573739635,-7.179228534039974e-11,-1.3546617808313664e-08,-1.3947872895216644e-09,-9.57135296978151e-08,-2.2752878463288335e-09,-3.3417141657636113e-11,-3.103275326685781e-11,-1.4682288488346234e-11,5.372628661709277e-10,-1.2616457734063532e-09,8.16820843632617e-11,-1.4768388439839753e-10,-7.236470317166728e-11,-2.4793008900158543e-10,-1.5434406125082255e-09,-1.8693801458250028e-09,-2.6929327482505587e-10,3.386631800040144e-10,-9.170370140716693e-11,-1.9657896329565734e-09,-2.388671760098586e-11,-4.180593622999909e-11,1.983781186856103e-10,-1.9259259925902795e-10,-3.897353444294073e-11,-9.207958147478932e-10,-6.561046030627762e-11,-2.849583967699361e-10,-1.0602546646558083e-07,-4.7327166458069396e-11,-1.831673117661439e-11,-2.2049151607260674e-10
base,-2.325876918453952e-09,-6.756920973214317e-12,0.0,-3.3469111443163376e-11,-5.943787056426459e-12,2.2888713722617637e-12,-8.559190248702729e-13,-7.179228534039974e-11,5.697210654875082e-07,-4.4478594726926894e-10,-4.5796064714273434e-11,-3.4164866631159095e-08,-7.470617938439098e-11,-1.0972092973714251e-12,-1.0189209405247273e-12,-4.820742480357085e-13,1.7640342131435694e-11,-4.142453255737657e-11,2.681927236933308e-12,-4.84901230314721e-12,-2.376002889026648e-12,1.4610051621959847e-09,-5.0676907299109406e-11,-6.13787168673878e-11,-8.841901796534838e-12,1.9684047840198915e-09,-3.0109742723719766e-12,-6.454419962229206e-11,-7.842899582495905e-13,-1.3726446859769383e-12,6.513492938652669e-12,-6.323532774794214e-12,-1.2796463797034625e-12,-3.0233158157961895e-11,-2.1542359244962567e-12,-9.356246129706718e-12,-3.48121119262837e-09,-1.5539272505130802e-12,-6.014065460875223e-13,-7.239558185587044e-12
basketball,-1.003095426862739e-09,-1.2749757937236097e-09,0.0,-6.315347936823694e-09,-1.121544065711691e-09,4.31891331295642e-10,-1.615049284168185e-10,-1.3546617808313664e-08,-4.4478594726926894e-10,0.0030461106709068764,8.001555918797125e-07,-5.929889649183554e-07,-1.4096445812264507e-08,-2.0703443185771757e-10,3.5675296172601466e-07,-9.096347277991598e-11,3.3285884650333636e-09,-7.81647091720333e-09,5.060577622815129e-10,-9.149690124375735e-10,-4.4833233677530997e-10,-1.5360399654398967e-09,-9.562318452927119e-09,-1.1581662500708893e-08,-1.6683946439145273e-09,2.0981728414005113e-09,-5.681462500475196e-10,-1.2178963239308338e-08,-9.450532705876316e-08,-2.5900683979303197e-10,1.229042912044147e-09,-1.1931989808140472e-09,-2.4145881905613153e-10,-5.7047499847971435e-09,-4.0648672207228366e-10,-1.7654472181612509e-09,-6.568761157686611e-07,-2.9321337891405576e-10,-1.1348050265618949e-10,-1.3660454932753375e-09
bernie-sanders,-1.0328074293989035e-10,-1.312740978373423e-10,0.0,-6.50241053215709e-10,-1.1547645542440447e-10,4.446840885817508e-11,-1.662887552733987e-11,-1.3947872895216644e-09,-4.5796064714273434e-11,8.001555918797125e-07,6.627885433398916e-05,-2.4395652367884378e-06,-1.451398697785045e-09,3.2519986715463655e-08,-1.9795692115559038e-11,-9.365783949874096e-12,-7.000271505127533e-09,-8.047997248095609e-10,5.210473526173349e-11,-9.420706828171765e-11,-4.616120818221431e-11,4.542595867890321e-08,-9.845557337800156e-10,-1.1924714992406296e-09,-1.7178130188407298e-10,1.266054438656131e-07,9.133363376808018e-08,-1.2539707967042269e-09,-2.693789274504849e-07,-2.6667870397938283e-11,1.265447550268857e-10,-1.2285419105041934e-10,-2.4861090534031417e-11,-5.873726476442591e-10,-4.185269868303901e-11,-1.8177403209099236e-10,-6.763329932451863e-08,-4.496428090683878e-08,-1.1684183089318613e-11,-1.4065081911142982e-10
best-of-2025,2.332156395937365e-07,-9.008332206853288e-09,0.0,-4.462104496166337e-08,-7.924261447387329e-09,2.4425077401883886e-06,-1.1411118982688865e-09,-9.57135296978151e-08,-3.4164866631159095e-08,-5.929889649183554e-07,-2.4395652367884378e-06,0.010431601192161232,-9.959833546480147e-08,-1.4628002740230739e-09,-1.3584261768267993e-09,-6.427017560054349e-10,2.3518117614882753e-08,-5.522721847269857e-08,3.5755474424930437e-09,-6.464706909408962e-09,-3.167688867994976e-09,-1.0852879215278897e-08,-6.7562491551401e-08,-8.183015224888157e-08,-1.178803023437855e-08,1.4824624966040952e-08,-4.014233201681037e-09,-8.605037627759788e-08,-8.556657254268841e-08,-1.830010944669779e-09,8.683793765085367e-09,-8.430538729413637e-09,-1.7060255316530997e-09,-4.0306869568093344e-08,-2.8720289813559683e-09,-1.2473754492557245e-08,-4.641153423242429e-06,2.481435996437186e-08,-8.017956669920025e-10,-9.651784507342988e-09
big-tech,-1.6847975382077873e-10,-2.141447384780083e-10,0.0,4.547274985671726e-07,-1.8837436900818353e-10,7.254040166607699e-11,-2.7126342969791645e-11,-2.2752878463288335e-09,-7.470617938439098e-11,-1.4096445812264507e-08,-1.451398697785045e-09,-9.959833546480147e-08,8.46599274151651e-05,-3.477347137440532e-11,-3.229230580072114e-11,8.253778184688282e-09,5.590692073170283e-10,-1.3128532546464477e-09,8.499738402252285e-11,-1.7011513452663026e-07,-7.530183042105659e-11,-2.5799303666012283e-10,-1.6060855385850546e-09,9.67075346070396e-07,-2.8022330812708515e-10,3.5240878816303464e-10,-9.54257568909204e-11,1.0428286878035607e-06,-2.485622795738495e-11,-4.3502749028283537e-11,2.0642985872639996e-10,-2.0040951754260614e-10,-4.0555386160683885e-11,-9.581689311990399e-10,-6.827344740305875e-11,-1.2923268743344995e-07,-1.10328811508574e-07,-4.924807408494003e-11,-1.9060167795555546e-11,-2.2944079122642855e-10
bitcoin,-2.4744613341799704e-12,-3.1451427442472222e-12,0.0,-1.5578861056558492e-11,-2.7666534517686653e-12,1.0654005304374837e-12,-3.9840446875211365e-13,-3.3417141657636113e-11,-1.0972092973714251e-12,-2.0703443185771757e-10,3.2519986715463655e-08,-1.4628002740230739e-09,-3.477347137440532e-11,1.42939647868528e-06,-4.742769400080102e-13,-2.243910102558091e-13,-4.600942679093006e-09,-1.9281869437741392e-11,1.2483561704032505e-12,-2.257068851695244e-12,-1.1059576212810973e-12,-2.9456481243608957e-09,-2.3588570581854955e-11,-2.8569939884154252e-11,-4.115638378924517e-12,-8.129609110597042e-10,-4.632105470579321e-09,-3.004337655124798e-11,-3.650633004816883e-13,-6.389246657824771e-13,3.0318343424352254e-12,-2.943413620418871e-12,-5.95636761519198e-13,-1.4072622484876883e-11,-1.0027317936950986e-12,-4.355050139685579e-12,-1.6203987240774297e-09,1.9094420743632817e-09,-2.7993659275663194e-13,-3.3697957974075e-12
brazil,-2.297902939717205e-12,-2.9207297192337184e-12,0.0,-1.4467274200174648e-11,-2.5692464910159928e-12,9.89381800818644e-13,-3.699774117688125e-13,-3.103275326685781e-11,-1.0189209405247273e-12,3.5675296172601466e-07,-1.9795692115559038e-11,-1.3584261768267993e-09,-3.229230580072114e-11,-4.742769400080102e-13,1.1135897290413726e-06,-2.083802058210811e-13,-1.1664663220424314e-08,-1.7906064585527902e-11,1.1592831434296063e-12,-2.0960219009328877e-12,3.63532685485961e-08,2.728200699265697e-09,-2.1905472894252438e-11,-2.6531410267138354e-11,-2.0453585745732695e-09,4.806519311295536e-12,-1.3015161899963201e-12,-2.7899713906417695e-11,-3.3901521101665434e-13,-5.933359505272764e-13,2.8155061273260696e-12,-2.733394423155433e-12,-1.2803483745999946e-09,-1.3068509146147457e-11,-9.311846197195836e-13,-4.044307494468458e-12,-1.5047796221894327e-09,-6.716966973704173e-13,-2.5996248579235677e-13,-3.1293532706073834e-12
bundesliga,3.8620136407000554e-10,-1.3818624459620235e-12,0.0,-6.844790458015848e-12,-1.2155678825652614e-12,4.680986214733967e-13,-5.3432231155283694e-11,-1.4682288488346234e-11,-4.820742480357085e-13,-9.096347277991598e-11,-9.365783949874096e-12,-6.427017560054349e-10,8.253778184688282e-09,-2.243910102558091e-13,-2.083802058210811e-13,9.749793639106194e-09,3.6076382159841085e-12,-8.471758972687472e-12,5.484827403209628e-13,-9.916747625567359e-13,-4.859179464813312e-13,-1.6648127393376686e-12,-1.0363968344715455e-11,1.4013965054397645e-08,1.3543766700172377e-10,2.274071608999663e-12,-6.157763705159051e-13,-8.923890433950794e-10,-1.6039566606547587e-13,-2.8072048655301817e-13,1.3320788151352902e-12,-4.44284320309548e-10,-8.519816595546187e-12,-6.183003478497728e-12,-4.4056423563411633e-13,-3.6829825145527133e-10,9.69596901978405e-08,-3.1779470556977384e-13,-1.2299405662559544e-13,-1.4805669063879407e-12
business,3.978306110832368e-11,5.056591681609044e-11,0.0,2.5046856576424725e-10,2.567154426028629e-08,-1.712893785073202e-11,6.405333196062043e-12,5.372628661709277e-10,1.7640342131435694e-11,3.3285884650333636e-09,-7.000271505127533e-09,2.3518117614882753e-08,5.590692073170283e-10,-4.600942679093006e-09,-1.1664663220424314e-08,3.6076382159841085e-12,1.2595198945757074e-05,3.100035468440786e-10,-2.0070400424567148e-11,3.6287941465222466e-11,1.778099298740473e-11,-8.05663342307601e-09,3.792443761206664e-10,4.5933215790119454e-10,6.616902469512136e-11,-8.321415503440313e-11,2.2532848200489938e-11,4.830212817346768e-10,5.869291789227149e-12,1.0272287819305529e-11,-4.8744205152570597e-11,4.7322624245808933e-11,9.576328130312994e-12,2.2625207051606675e-10,1.6121383540248727e-11,7.00181584750159e-11,2.6051900900349845e-08,1.1628929271065573e-11,4.500670276098278e-12,5.417776801723595e-11
california-midterm,-9.342192446352993e-11,-1.18743131614713e-10,0.0,4.766863829829667e-08,-1.0445347689116884e-10,4.0223610085582815e-11,-1.5041541232257625e-11,-1.2616457734063532e-09,-4.142453255737657e-11,-7.81647091720333e-09,-8.047997248095609e-10,-5.522721847269857e-08,-1.3128532546464477e-09,-1.9281869437741392e-11,-1.7906064585527902e-11,-8.471758972687472e-12,3.100035468440786e-10,6.0609962491709795e-05,4.7130999480189485e-11,-8.521439105126942e-11,-4.17548207070755e-11,-1.4305698718326527e-10,-8.905734871103827e-10,-1.0786423408263325e-09,-1.5538365964503592e-10,1.9541046589537023e-10,-5.2913526106065216e-11,-1.134271130459944e-09,-1.3782763792225742e-11,-2.4122248765867916e-11,1.1446523532714694e-10,-1.1112695967941107e-10,-2.2487937788199425e-11,6.1836227920218e-07,-3.785758645478657e-11,-1.6442251877795024e-10,-6.117726113174257e-08,-2.7308028132757063e-11,-1.0568851839341162e-11,-1.2722478387290698e-10
celebrities,6.048367676772776e-12,7.687725587130081e-12,0.0,-9.224205098731585e-08,6.762577810112881e-12,-2.604176530101068e-12,9.738267791042204e-13,8.16820843632617e-11,2.681927236933308e-12,5.060577622815129e-10,5.210473526173349e-11,3.5755474424930437e-09,8.499738402252285e-11,1.2483561704032505e-12,1.1592831434296063e-12,5.484827403209628e-13,-2.0070400424567148e-11,4.7130999480189485e-11,1.4973689214799095e-06,5.516991556212038e-12,2.7033109129831533e-12,9.261865051319495e-12,5.7657941903477896e-11,6.983398711294391e-11,1.0059924475893153e-11,-1.2651359436361179e-11,3.425753245844787e-12,-7.360437200379181e-08,8.923303977753619e-13,1.5617343633667836e-12,-7.410763944786694e-12,7.194635678966124e-12,1.4559250070739553e-12,3.439794907652677e-11,2.4509942772927793e-12,1.0645122690641694e-11,3.960767998599595e-09,1.7679896407941297e-12,6.842537467805071e-13,8.236848843354016e-12
champions-league,-1.0935646901504364e-11,-1.3899659708083355e-11,0.0,-2.005970676279717e-07,-1.2226962219796663e-11,9.208103854866932e-09,-1.7607107187628452e-12,-1.4768388439839753e-10,-4.84901230314721e-12,-9.149690124375735e-10,-9.420706828171765e-11,-6.464706909408962e-09,-1.7011513452663026e-07,-2.257068851695244e-12,-2.0960219009328877e-12,-9.916747625567359e-13,3.6287941465222466e-11,-8.521439105126942e-11,5.516991556212038e-12,3.995363911995207e-06,-4.887674689966217e-12,-1.674575542746283e-11,-1.0424744781063236e-10,-8.4356329827924e-08,-1.8188673011175336e-11,2.287407231398094e-11,-6.193874094676674e-12,-2.509699441608815e-07,-1.613362591534491e-12,-2.823666890706629e-12,1.3398903985583671e-11,-1.3008137000711903e-11,-2.6323601082606896e-12,-6.219261879223958e-11,-2.0473152244587192e-08,5.5575412236615556e-08,-7.161198294507948e-09,-3.1965831891287828e-12,2.980434286657403e-08,-1.4892492544376144e-11
claude-5,-5.358437349076012e-12,-6.810795592629979e-12,0.0,-3.373596903234855e-11,-1.6721642282171527e-07,2.3071211156829742e-12,-8.627434811426505e-13,-7.236470317166728e-11,-2.376002889026648e-12,-4.4833233677530997e-10,-4.616120818221431e-11,-3.167688867994976e-09,-7.530183042105659e-11,-1.1059576212810973e-12,3.63532685485961e-08,-4.859179464813312e-13,1.778099298740473e-11,-4.17548207070755e-11,2.7033109129831533e-12,-4.887674689966217e-12,0.00010573740208028029,-8.205374782965037e-12,-5.108096694467017e-11,-7.426828834838027e-08,-3.2386739199194235e-07,1.1208233451274873e-11,-3.034981522659008e-12,-6.505882665490484e-11,-7.905432980735522e-13,-1.3835891250706073e-12,6.565426645521423e-12,-6.373951881803856e-12,1.1633822787476069e-08,-3.0474214682985786e-11,-2.1714121858480464e-12,7.429769471014011e-08,3.4756118108011795e-07,-1.5663171007951014e-12,-2.865854272596503e-09,-7.297280992099765e-12
climate-science,-1.8358644347856325e-11,-2.3334596611913946e-11,0.0,-1.1558344659962247e-10,-2.0526490373150993e-11,7.904471634346173e-12,-2.9558618869429776e-12,-2.4793008900158543e-10,1.4610051621959847e-09,-1.5360399654398967e-09,4.542595867890321e-08,-1.0852879215278897e-08,-2.5799303666012283e-10,-2.9456481243608957e-09,2.728200699265697e-09,-1.6648127393376686e-12,-8.05663342307601e-09,-1.4305698718326527e-10,9.261865051319495e-12,-1.674575542746283e-11,-8.205374782965037e-12,1.809830260194337e-06,-1.7500947458935925e-10,-2.119674929357603e-10,-3.053494520983738e-11,-6.450299183788083e-09,1.0524742769693163e-08,-2.2289928619789706e-10,-2.7084954634046692e-12,-4.740341076316092e-12,2.2493933384823763e-11,-2.183791804684159e-11,-4.419177343444996e-12,-1.0440828784543881e-10,-7.439516682862924e-12,-3.231120063472515e-11,-1.2022141330775154e-08,1.3438674966935751e-09,-2.0769192370813892e-12,-2.5001353512764483e-11
colombia-election,-1.142881745058922e-10,-1.4526499882430624e-10,0.0,-7.1954229651565e-10,-1.2778367886593352e-10,4.920775283870233e-11,-1.84011440468767e-11,-1.5434406125082255e-09,-5.0676907299109406e-11,-9.562318452927119e-09,-9.845557337800156e-10,-6.7562491551401e-08,-1.6060855385850546e-09,-2.3588570581854955e-11,-2.1905472894252438e-11,-1.0363968344715455e-11,3.792443761206664e-10,-8.905734871103827e-10,5.7657941903477896e-11,-1.0424744781063236e-10,-5.108096694467017e-11,-1.7500947458935925e-10,9.625290810661725e-05,-1.3195624558765308e-09,-1.9008937046474672e-10,2.3905636235576537e-10,-6.473202452271501e-11,-1.387616211498722e-09,-1.6861212424220358e-11,-2.951007263294734e-11,1.4003161318983798e-10,-1.3594771712402185e-10,-2.7510730195017056e-11,-6.499735162926276e-10,-4.6313266098546205e-11,-2.011471036023468e-10,-7.484150574040965e-08,-3.3407411617459284e-11,1.0249532450730761e-07,-1.5564107016890033e-10
colorado-midterm,-1.3842323610799924e-10,-7.336794478075432e-07,0.0,1.8463857804864602e-07,-1.547686838719692e-10,5.959931041844477e-11,-2.2287046915136064e-11,-1.8693801458250028e-09,-6.13787168673878e-11,-1.1581662500708893e-08,-1.1924714992406296e-09,-8.183015224888157e-08,9.67075346070396e-07,-2.8569939884154252e-11,-2.6531410267138354e-11,1.4013965054397645e-08,4.5933215790119454e-10,-1.0786423408263325e-09,6.983398711294391e-11,-8.4356329827924e-08,-7.426828834838027e-08,-2.119674929357603e-10,-1.3195624558765308e-09,0.0001221996086778784,3.842850009187314e-08,2.895396258847868e-10,-7.840195499660913e-11,-1.936110205036197e-07,-2.0421916777969515e-11,-3.5741928412927533e-11,1.6960310319910693e-10,-1.981010544481184e-08,-1.2122701893755175e-09,-7.872331315002284e-10,-5.60935739485386e-11,-6.010515103923419e-07,9.736933813479147e-06,-4.046229669931804e-11,-3.7575387036955106e-08,-1.8850892226806694e-10
comex-gold-futures,-1.994053839004183e-11,-2.5345249395299445e-11,0.0,-1.2554282933434153e-10,3.3318773281815133e-08,8.585569669037747e-12,-3.21055718033657e-12,-2.6929327482505587e-10,-8.841901796534838e-12,-1.6683946439145273e-09,-1.7178130188407298e-10,-1.178803023437855e-08,-2.8022330812708515e-10,-4.115638378924517e-12,-2.0453585745732695e-09,1.3543766700172377e-10,6.616902469512136e-11,-1.5538365964503592e-10,1.0059924475893153e-11,-1.8188673011175336e-11,-3.2386739199194235e-07,-3.053494520983738e-11,-1.9008937046474672e-10,3.842850009187314e-08,3.645743374068143e-05,4.170958711649542e-11,-1.1294181796505226e-11,-2.421056636494371e-10,-2.941876139866599e-12,-4.168148437462475e-08,2.4432149438934393e-11,1.302835386947942e-08,5.695646461654325e-10,-1.1340474996802374e-10,-2.0917443477016094e-08,6.93315988203348e-07,3.457249885271655e-08,-5.828790045426152e-12,-1.096048293917218e-08,-2.715562435210678e-11
comex-silver-futures,-1.252458685179117e-08,3.1874181647436054e-11,0.0,1.5788264239683045e-10,2.8038414103293762e-11,-1.0797211063484328e-11,4.037596204300805e-12,3.386631800040144e-10,1.9684047840198915e-09,2.0981728414005113e-09,1.266054438656131e-07,1.4824624966040952e-08,3.5240878816303464e-10,-8.129609110597042e-10,4.806519311295536e-12,2.274071608999663e-12,-8.321415503440313e-11,1.9541046589537023e-10,-1.2651359436361179e-11,2.287407231398094e-11,1.1208233451274873e-11,-6.450299183788083e-09,2.3905636235576537e-10,2.895396258847868e-10,4.170958711649542e-11,1.6736688778409423e-05,-2.377336897550941e-08,3.0447204447185505e-10,3.699702970125898e-12,6.47512768488058e-12,-3.072586728613621e-11,2.982977499904146e-11,6.0364301007572306e-12,1.42617795697587e-10,1.0162100080944304e-11,4.413588524397527e-11,1.2755868792510116e-07,-1.7513897580674268e-09,2.8369935907089527e-12,3.4150908907966387e-11
commodities,-9.410681549471146e-09,-8.630936603027432e-12,0.0,-4.275168825723144e-11,-7.592281968262985e-12,2.92368429123052e-12,-1.093306088714862e-12,-9.170370140716693e-11,-3.0109742723719766e-12,-5.681462500475196e-10,9.133363376808018e-08,-4.014233201681037e-09,-9.54257568909204e-11,-4.632105470579321e-09,-1.3015161899963201e-12,-6.157763705159051e-13,2.2532848200489938e-11,-5.2913526106065216e-11,3.425753245844787e-12,-6.193874094676674e-12,-3.034981522659008e-12,1.0524742769693163e-08,-6.473202452271501e-11,-7.840195499660913e-11,-1.1294181796505226e-11,-2.377336897550941e-08,2.1454174088005083e-06,-8.244537670952431e-11,-1.0018108743436585e-12,-1.7533443576020931e-12,8.319994393989858e-12,-8.077349239803961e-12,-1.6345531968329518e-12,-3.861825118351001e-11,-2.7517080288500934e-12,-1.1951178281934905e-11,-4.446716666427413e-09,-2.2916393014696956e-09,-7.682051917583767e-13,-9.247432074673201e-12
congress,-1.455621335816307e-10,-1.8501549486649764e-10,0.0,-3.2195720228429596e-06,-1.6275056464109157e-10,6.267302389704844e-11,-1.326336028900369e-09,-1.9657896329565734e-09,-6.454419962229206e-11,-1.2178963239308338e-08,-1.2539707967042269e-09,-8.605037627759788e-08,1.0428286878035607e-06,-3.004337655124798e-11,-2.7899713906417695e-11,-8.923890433950794e-10,4.830212817346768e-10,-1.134271130459944e-09,-7.360437200379181e-08,-2.509699441608815e-07,-6.505882665490484e-11,-2.2289928619789706e-10,-1.387616211498722e-09,-1.936110205036197e-07,-2.421056636494371e-10,3.0447204447185505e-10,-8.244537670952431e-11,9.435406584264927e-05,-2.147513568970993e-11,-3.7585245832919984e-11,1.7835003903870372e-10,-1.7314862054343152e-10,-3.5038800828586995e-11,-6.916488011134594e-07,5.1276347860672765e-09,2.3901134063424187e-07,-9.532122901720617e-08,-4.2549057533736173e-11,5.042469005940631e-08,-1.982308873569614e-10
connecticut-primary,-1.7687556796361017e-12,-2.248161656563837e-12,0.0,-1.1135837362026992e-11,-1.977615870897875e-12,6.287934462743233e-09,-2.8478123992626784e-13,-2.388671760098586e-11,-7.842899582495905e-13,-9.450532705876316e-08,-2.693789274504849e-07,-8.556657254268841e-08,-2.485622795738495e-11,-3.650633004816883e-13,-3.3901521101665434e-13,-1.6039566606547587e-13,5.869291789227149e-12,-1.3782763792225742e-11,8.923303977753619e-13,-1.613362591534491e-12,-7.905432980735522e-13,-2.7084954634046692e-12,-1.6861212424220358e-11,-2.0421916777969515e-11,-2.941876139866599e-12,3.699702970125898e-12,-1.0018108743436585e-12,-2.147513568970993e-11,1.6596478910950576e-06,-4.567061185608692e-13,2.1671683201602048e-12,-2.1039648050740145e-12,-4.25763737094576e-13,-1.0059171506815427e-11,-7.167570293987436e-13,-3.113008703455844e-12,-1.1582680266191613e-09,-4.318065456250781e-09,-2.0009988902921124e-13,-2.4087446320330566e-12
crypto-prices,-3.095631990318134e-12,-3.9346763510593125e-12,0.0,-1.3674153314848003e-07,-3.461173877771259e-12,1.3328508790846962e-12,-4.984170096008391e-13,-4.180593622999909e-11,-1.3726446859769383e-12,-2.5900683979303197e-10,-2.6667870397938283e-11,-1.830010944669779e-09,-4.3502749028283537e-11,-6.389246657824771e-13,-5.933359505272764e-13,-2.8072048655301817e-13,1.0272287819305529e-11,-2.4122248765867916e-11,1.5617343633667836e-12,-2.823666890706629e-12,-1.3835891250706073e-12,-4.740341076316092e-12,-2.951007263294734e-11,-3.5741928412927533e-11,-4.168148437462475e-08,6.47512768488058e-12,-1.7533443576020931e-12,-3.7585245832919984e-11,-4.567061185608692e-13,1.7887125137891917e-06,3.792923837662548e-12,-3.682306624979366e-12,-7.45161053073832e-13,-1.760531059835369e-11,-2.051035264503144e-08,-5.448310040503372e-12,-2.027171755741246e-09,-9.048797267420318e-13,5.244517684739835e-09,-4.215724661848317e-12
delaware-midterm,1.468943661502166e-11,1.86708817586446e-11,0.0,9.248263000253935e-11,1.642401113895356e-11,-6.324662804502456e-12,2.3650954290687482e-12,1.983781186856103e-10,6.513492938652669e-12,1.229042912044147e-09,1.265447550268857e-10,8.683793765085367e-09,2.0642985872639996e-10,3.0318343424352254e-12,2.8155061273260696e-12,1.3320788151352902e-12,-4.8744205152570597e-11,1.1446523532714694e-10,-7.410763944786694e-12,1.3398903985583671e-11,6.565426645521423e-12,2.2493933384823763e-11,1.4003161318983798e-10,1.6960310319910693e-10,2.4432149438934393e-11,-3.072586728613621e-11,8.319994393989858e-12,1.7835003903870372e-10,2.1671683201602048e-12,3.792923837662548e-12,1.7375400893873168e-06,1.7473333372275928e-11,3.5359487469268247e-12,8.354096834867036e-11,5.952634992469382e-12,2.5853397706598087e-11,9.619364028689339e-09,4.2938480516314276e-12,1.6618206066615292e-12,2.0004516169977113e-11
democratic-primary,-3.9839042993530535e-08,-1.812636228320286e-11,0.0,-8.978545726975685e-11,-1.5945019624485743e-11,-7.981399505469537e-10,3.5258346795383453e-10,-1.9259259925902795e-10,-6.323532774794214e-12,-1.1931989808140472e-09,-1.2285419105041934e-10,-8.430538729413637e-09,-2.0040951754260614e-10,-2.943413620418871e-12,-2.733394423155433e-12,-4.44284320309548e-10,4.7322624245808933e-11,-1.1112695967941107e-10,7.194635678966124e-12,-1.3008137000711903e-11,-6.373951881803856e-12,-2.183791804684159e-11,-1.3594771712402185e-10,-1.981010544481184e-08,1.302835386947942e-08,2.982977499904146e-11,-8.077349239803961e-12,-1.7314862054343152e-10,-2.1039648050740145e-12,-3.682306624979366e-12,1.7473333372275928e-11,3.256414966058035e-07,-3.432825981662996e-12,-8.110457113662665e-11,-5.779031746223471e-12,1.1817011680098742e-09,4.3868348846980974e-07,-4.168621834737784e-12,-1.6133551031716618e-12,-1.942110244628895e-11
economic-policy,-2.8858992496561873e-12,-3.6680973593355796e-12,0.0,-1.816921639170396e-11,2.995936543608904e-09,1.2425486504482208e-12,-4.646486657721364e-13,-3.897353444294073e-11,-1.2796463797034625e-12,-2.4145881905613153e-10,-2.4861090534031417e-11,-1.7060255316530997e-09,-4.0555386160683885e-11,-5.95636761519198e-13,-1.2803483745999946e-09,-8.519816595546187e-12,9.576328130312994e-12,-2.2487937788199425e-11,1.4559250070739553e-12,-2.6323601082606896e-12,1.1633822787476069e-08,-4.419177343444996e-12,-2.7510730195017056e-11,-1.2122701893755175e-09,5.695646461654325e-10,6.0364301007572306e-12,-1.6345531968329518e-12,-3.5038800828586995e-11,-4.25763737094576e-13,-7.45161053073832e-13,3.5359487469268247e-12,-3.432825981662996e-12,4.8220631481661113e-08,1.7180939218249332e-09,-1.1694597491016312e-12,2.2620100502870947e-09,-1.889828463820997e-09,-8.435730515128864e-13,-1.3981514264010847e-09,-3.9301043135738925e-12
epstein,-6.818278067024884e-11,-8.66631355056825e-11,0.0,3.087386595308683e-07,-7.623401622276997e-11,2.935668045782301e-11,-1.0977873905625522e-11,-9.207958147478932e-10,-3.0233158157961895e-11,-5.7047499847971435e-09,-5.873726476442591e-10,-4.0306869568093344e-08,-9.581689311990399e-10,-1.4072622484876883e-11,-1.3068509146147457e-11,-6.183003478497728e-12,2.2625207051606675e-10,6.1836227920218e-07,3.439794907652677e-11,-6.219261879223958e-11,-3.0474214682985786e-11,-1.0440828784543881e-10,-6.499735162926276e-10,-7.872331315002284e-10,-1.1340474996802374e-10,1.42617795697587e-10,-3.861825118351001e-11,-6.916488011134594e-07,-1.0059171506815427e-11,-1.760531059835369e-11,8.354096834867036e-11,-8.110457113662665e-11,1.7180939218249332e-09,3.563272824338724e-05,-2.762986877839624e-11,-1.2000164414794163e-10,-4.464943108060792e-08,-1.993041037641713e-11,-7.713539525500076e-12,-9.285335947037343e-11
extended,-4.858301431312518e-12,-6.175102146473074e-12,0.0,2.4540270591031026e-07,-5.431984827973596e-12,2.0917833107526465e-12,-7.822183252749769e-13,-6.561046030627762e-11,-2.1542359244962567e-12,-4.0648672207228366e-10,-4.185269868303901e-11,-2.8720289813559683e-09,-6.827344740305875e-11,-1.0027317936950986e-12,-9.311846197195836e-13,-4.4056423563411633e-13,1.6121383540248727e-11,-3.785758645478657e-11,2.4509942772927793e-12,-2.0473152244587192e-08,-2.1714121858480464e-12,-7.439516682862924e-12,-4.6313266098546205e-11,-5.60935739485386e-11,-2.0917443477016094e-08,1.0162100080944304e-11,-2.7517080288500934e-12,5.1276347860672765e-09,-7.167570293987436e-13,-2.051035264503144e-08,5.952634992469382e-12,-5.779031746223471e-12,-1.1694597491016312e-12,-2.762986877839624e-11,5.240056194508313e-06,-8.550606968397502e-12,-3.1814542145956653e-09,-1.4201230912935985e-12,-5.9253087176265034e-08,-6.616180871219641e-12
fdv,-2.110050410300023e-11,-2.681961381364382e-11,0.0,1.1104490821268458e-07,-2.3592117486027337e-11,9.085002846196183e-12,-3.3973192514413936e-12,-2.849583967699361e-10,-9.356246129706718e-12,-1.7654472181612509e-09,-1.8177403209099236e-10,-1.2473754492557245e-08,-1.2923268743344995e-07,-4.355050139685579e-12,-4.044307494468458e-12,-3.6829825145527133e-10,7.00181584750159e-11,-1.6442251877795024e-10,1.0645122690641694e-11,5.5575412236615556e-08,7.429769471014011e-08,-3.231120063472515e-11,-2.011471036023468e-10,-6.010515103923419e-07,6.93315988203348e-07,4.413588524397527e-11,-1.1951178281934905e-11,2.3901134063424187e-07,-3.113008703455844e-12,-5.448310040503372e-12,2.5853397706598087e-11,1.1817011680098742e-09,2.2620100502870947e-09,-1.2000164414794163e-10,-8.550606968397502e-12,1.4395084742134549e-05,3.829711272523184e-06,-6.167857951641166e-12,1.072483349018381e-08,-2.873530051461827e-11
felix,-4.243609390590601e-06,2.7704424366885526e-07,0.0,-4.9428404961955506e-08,-8.77800159504074e-09,9.84473565360807e-09,-1.5195482852562646e-09,-1.0602546646558083e-07,-3.48121119262837e-09,-6.568761157686611e-07,-6.763329932451863e-08,-4.641153423242429e-06,-1.10328811508574e-07,-1.6203987240774297e-09,-1.5047796221894327e-09,9.69596901978405e-08,2.6051900900349845e-08,-6.117726113174257e-08,3.960767998599595e-09,-7.161198294507948e-09,3.4756118108011795e-07,-1.2022141330775154e-08,-7.484150574040965e-08,9.736933813479147e-06,3.457249885271655e-08,1.2755868792510116e-07,-4.446716666427413e-09,-9.532122901720617e-08,-1.1582680266191613e-09,-2.027171755741246e-09,9.619364028689339e-09,4.3868348846980974e-07,-1.889828463820997e-09,-4.464943108060792e-08,-3.1814542145956653e-09,3.829711272523184e-06,0.017048808755813858,-2.2948964614793546e-09,-8.881791306964137e-10,-1.0691643677201287e-08
fifa-world-cup,-3.5044662005095947e-12,-4.4543215489945725e-12,0.0,-2.206362704521288e-11,-3.918284507548588e-12,5.829966133600039e-11,-5.642419930302344e-13,-4.7327166458069396e-11,-1.5539272505130802e-12,-2.9321337891405576e-10,-4.496428090683878e-08,2.481435996437186e-08,-4.924807408494003e-11,1.9094420743632817e-09,-6.716966973704173e-13,-3.1779470556977384e-13,1.1628929271065573e-11,-2.7308028132757063e-11,1.7679896407941297e-12,-3.1965831891287828e-12,-1.5663171007951014e-12,1.3438674966935751e-09,-3.3407411617459284e-11,-4.046229669931804e-11,-5.828790045426152e-12,-1.7513897580674268e-09,-2.2916393014696956e-09,-4.2549057533736173e-11,-4.318065456250781e-09,-9.048797267420318e-13,4.2938480516314276e-12,-4.168621834737784e-12,-8.435730515128864e-13,-1.993041037641713e-11,-1.4201230912935985e-12,-6.167857951641166e-12,-2.2948964614793546e-09,1.5124259439756207e-07,-3.9646136880387937e-13,-4.772487373922705e-12
foreign-policy,-1.3563111869174966e-12,-1.7239276401495253e-12,0.0,1.0727787005618823e-07,-1.516468645164721e-12,1.1212151178824364e-10,-2.183749773829666e-13,-1.831673117661439e-11,-6.014065460875223e-13,-1.1348050265618949e-10,-1.1684183089318613e-11,-8.017956669920025e-10,-1.9060167795555546e-11,-2.7993659275663194e-13,-2.5996248579235677e-13,-1.2299405662559544e-13,4.500670276098278e-12,-1.0568851839341162e-11,6.842537467805071e-13,2.980434286657403e-08,-2.865854272596503e-09,-2.0769192370813892e-12,1.0249532450730761e-07,-3.7575387036955106e-08,-1.096048293917218e-08,2.8369935907089527e-12,-7.682051917583767e-13,5.042469005940631e-08,-2.0009988902921124e-13,5.244517684739835e-09,1.6618206066615292e-12,-1.6133551031716618e-12,-1.3981514264010847e-09,-7.713539525500076e-12,-5.9253087176265034e-08,1.072483349018381e-08,-8.881791306964137e-10,-3.9646136880387937e-13,4.5328465674459375e-06,-1.847065328731536e-12
formula1,-1.6326882072272033e-11,-2.0752142689187123e-11,0.0,-1.0279175664509479e-10,-1.8254811266562125e-11,7.0296789769581055e-12,-2.628734863839561e-12,-2.2049151607260674e-10,-7.239558185587044e-12,-1.3660454932753375e-09,-1.4065081911142982e-10,-9.651784507342988e-09,-2.2944079122642855e-10,-3.3697957974075e-12,-3.1293532706073834e-12,-1.4805669063879407e-12,5.417776801723595e-11,-1.2722478387290698e-10,8.236848843354016e-12,-1.4892492544376144e-11,-7.297280992099765e-12,-2.5001353512764483e-11,-1.5564107016890033e-10,-1.8850892226806694e-10,-2.715562435210678e-11,3.4150908907966387e-11,-9.247432074673201e-12,-1.982308873569614e-10,-2.4087446320330566e-12,-4.215724661848317e-12,2.0004516169977113e-11,-1.942110244628895e-11,-3.9301043135738925e-12,-9.285335947037343e-11,-6.616180871219641e-12,-2.873530051461827e-11,-1.0691643677201287e-08,-4.772487373922705e-12,-1.847065328731536e-12,1.3472291033820068e-06
