category,2025-predictions,2026-fifa-world-cup,2026-nfl-draft,abraham-accords,acquisitions,airdrops,anthropic,awards,base,basketball,bernie-sanders,best-of-2025,big-tech,bitcoin,brazil,bundesliga,business,california-midterm,celebrities,champions-league,climate-science,colombia-election,colorado-midterm,comex-gold-futures,comex-silver-futures,commodities,congress,connecticut-primary,crypto-prices,delaware-midterm,democratic-primary,economic-policy,elon-musk,epstein,extended,fdv,fifa-world-cup,foreign-policy,formula1,france
2025-predictions,2.8455304941379014e-05,6.833665849076269e-10,0.0,2.863418812412194e-09,4.0249575851974725e-10,-1.109456622779076e-10,6.617368985020722e-11,8.144472900885633e-09,2.688118804637211e-10,-6.906184158120692e-11,1.046392712785026e-09,7.615096642770316e-08,1.099834971991036e-06,1.6888853761491247e-10,-1.3613775490844967e-07,1.5675651207506676e-10,1.3714104858582097e-09,3.1674755184048093e-09,-1.064642394660243e-09,0.0,-2.4517192217362736e-07,3.416832924538069e-09,-4.152817524400903e-11,4.469572411185487e-07,-1.1776370285611204e-09,2.635109455896949e-10,6.788329157215069e-09,-1.5795309996397076e-11,-5.8791810633479127e-08,-5.602274762635856e-10,5.430268651496458e-10,-2.2613479293146605e-09,4.2266663346710694e-10,3.859306498887821e-09,-7.853744232632361e-11,5.4787511364159846e-08,-5.340365928530693e-10,-8.822772900720868e-11,9.984252052222546e-10,3.4514080196080256e-09
2026-fifa-world-cup,6.833665849076269e-10,5.879170590085787e-05,0.0,-2.8187440391804137e-09,-3.9621606004854643e-10,1.0921469917820457e-10,-6.514125457557692e-11,-8.017403651230567e-09,-2.646179044551642e-10,6.798434565286702e-11,-1.030066998588914e-09,-7.496286668421193e-08,-3.7770994822224195e-09,-1.6625355558339538e-10,-8.283435313747263e-11,-1.5431081268971068e-10,-1.3500138769521007e-09,-3.1180568829302874e-09,1.048031950757272e-09,0.0,1.2796014607978384e-11,-3.3635238398129655e-09,4.0880256817368116e-11,3.583807237353421e-10,1.1592636537085531e-09,-2.5939967423559247e-10,-6.682418326285894e-09,1.5548873153418493e-11,5.950017985419122e-10,5.514868633459632e-10,-5.345546144421269e-10,2.2260666056387485e-09,-4.1607223102726325e-10,-3.799093985816972e-09,7.731210902514988e-11,-3.217165425626644e-10,5.257046074726401e-10,8.685120882471272e-11,-9.828478752699952e-10,-3.397559497715975e-09
2026-nfl-draft,0.0,0.0,0.0,0.0,0.0,0.0,0.0,0.0,0.0,0.0,0.0,0.0,0.0,0.0,0.0,0.0,0.0,0.0,0.0,0.0,0.0,0.0,0.0,0.0,0.0,0.0,0.0,0.0,0.0,0.0,0.0,0.0,0.0,0.0,0.0,0.0,0.0,0.0,0.0,0.0
abraham-accords,2.863418812412194e-09,-2.8187440391804137e-09,0.0,7.513780582033041e-05,-1.660210705614447e-09,4.5762762055602103e-10,-2.729526112855701e-10,-3.359424494649403e-08,-1.1087927072412765e-09,2.848656322849523e-10,-3.761580814911851e-06,-1.3364889729610086e-07,-1.582667041762035e-08,-6.966298458275417e-10,-3.4708961533423285e-10,-6.46587781394088e-10,-5.65678102742563e-09,-1.306517312074921e-08,4.391426900413711e-09,0.0,5.3617413788693467e-11,-1.409372019590179e-08,1.7129502526511075e-10,1.5016743999683963e-09,4.857506099779688e-09,-1.0869274611080315e-09,-2.8000436033142585e-08,6.515234558232699e-11,2.4931557687947793e-09,2.3108210061461898e-09,-2.239872087778773e-09,9.327586594141402e-09,-1.7434113402059118e-09,6.032556652453791e-07,3.2395050079844023e-10,-1.3480454277152794e-09,2.202789097468488e-09,3.3349730964054715e-08,-4.11829486243871e-09,-1.4236335221693287e-08
acquisitions,4.0249575851974725e-10,-3.9621606004854643e-10,0.0,-1.660210705614447e-09,3.439418310520709e-05,6.432631351616058e-11,-3.83675164258567e-11,-4.722166748023315e-09,-1.558571731832279e-10,4.004206728184887e-11,-6.06698669615569e-10,-4.415234305164843e-08,1.1620065990352065e-06,-9.792160231274552e-11,-9.290652331440892e-08,-9.088745187874477e-11,-7.951440287198117e-10,-1.8365028345251478e-09,6.172798382144389e-10,0.0,7.536718533538467e-12,-1.9810803002427813e-09,2.407804294149246e-11,2.1108249133690175e-10,6.827941458197067e-10,-1.527836902580246e-10,-3.9358743789734685e-09,9.158123373656192e-12,1.516763246656689e-07,3.2481998429307114e-10,-3.1484706709677537e-10,1.3111299070514645e-09,-2.450621846676362e-10,-2.237626552541737e-09,4.553602217621629e-11,-1.8948767277610698e-10,3.0963450571790923e-10,5.1154452011994135e-11,-5.788871007202731e-10,-2.001126946138145e-09
airdrops,-1.109456622779076e-10,1.0921469917820457e-10,0.0,4.5762762055602103e-10,6.432631351616058e-11,3.9341899859880595e-05,1.0575787271598733e-11,1.301638355576628e-09,4.296114166064511e-11,1.7013418392250462e-08,1.6723303110368688e-10,1.2170341767084583e-08,6.132181654761357e-10,2.6991531686835657e-11,1.3448290231287087e-11,2.5052608202689374e-11,2.1917692051485708e-10,5.062215413175271e-10,-1.701496699328436e-10,0.0,-2.0774535169771924e-12,5.460734958910654e-10,-6.6369753319246355e-12,-5.818368591700795e-11,-1.8820831550137643e-10,4.211395360607396e-11,1.0849013446101086e-09,-2.524384521837816e-12,-9.659949733230666e-11,-8.953477773538551e-11,8.678579993930536e-11,7.211055432348427e-07,4.53875372994122e-08,6.167890084490411e-10,-1.2551745033088752e-11,5.223119723537443e-11,-8.534898709815675e-11,-5.276617526863928e-07,5.94287442514112e-07,5.515992395995143e-10
anthropic,6.617368985020722e-11,-6.514125457557692e-11,0.0,-2.729526112855701e-10,-3.83675164258567e-11,1.0575787271598733e-11,1.0883901048501855e-07,2.575384507981886e-07,-2.562423086664986e-11,6.583252829823614e-12,-9.974636687682537e-11,-7.259016755865922e-09,-3.6575480158098796e-10,-1.6099135466445628e-11,-8.021250840355992e-12,-1.494266194013906e-11,-1.3072836975045047e-10,-3.4540595515156615e-08,1.0148600003889631e-10,0.0,1.239099951166566e-12,-3.257062728779054e-10,3.958632885152009e-12,3.4703737912446195e-11,1.1225710353615164e-10,-2.5118924409260858e-11,-1.8983861850797575e-09,1.5056725515986322e-12,5.761690042592977e-11,5.3403138897189134e-11,-5.1763507384359895e-11,2.15560790358748e-10,-4.02902854476046e-11,-3.67884635686738e-10,7.486505248113618e-12,-3.115336801272334e-11,5.090651842805521e-11,8.410222394265216e-12,-9.5173910905876e-11,-3.2900211016298047e-10
awards,8.144472900885633e-09,-8.017403651230567e-09,0.0,-3.359424494649403e-08,-4.722166748023315e-09,1.301638355576628e-09,2.575384507981886e-07,0.0006550810851033773,-3.1537587577763155e-09,8.102483690051976e-10,-1.227650420928594e-08,-8.934195053812234e-07,-4.5016079299616597e-08,-1.9814366227868658e-09,-9.872331473183078e-10,-1.83910109159747e-09,-1.6089682579579785e-08,7.190420164903893e-06,1.2490613399480173e-08,0.0,1.5250496075716997e-10,-4.00870182561539e-08,4.872174776811635e-10,4.271239122785862e-09,1.3816290730525302e-08,-3.091567050495963e-09,-1.0478735631120911e-06,1.853139717892634e-10,7.091327160601607e-09,6.572709162129243e-09,-6.370907895585261e-09,2.6530619941917855e-08,-4.95881578826493e-09,-4.5278213331989536e-08,9.214181535534026e-10,-3.834269512932623e-09,6.265432088707847e-09,1.0351066796421803e-09,-1.1713739100824096e-08,-4.04926607027947e-08
base,2.688118804637211e-10,-2.646179044551642e-10,0.0,-1.1087927072412765e-09,-1.558571731832279e-10,4.296114166064511e-11,-2.562423086664986e-11,-3.1537587577763155e-09,1.2173298543265455e-06,2.674260082458613e-11,-4.051913760631542e-10,-2.9487700457371063e-08,-1.485775331920777e-09,-6.539817997713938e-11,-3.258406062814964e-11,-6.070033368782714e-11,-5.310469913664795e-10,-1.2265316341251335e-09,4.1225814327340935e-10,0.0,5.033492747787552e-12,-1.3230895222758112e-09,1.6080825360230784e-11,1.409741102314192e-10,4.5601270180447475e-10,-1.0203851894861662e-10,-2.628623459218292e-09,6.116368467195795e-12,-4.783798426899641e-10,2.1693513271079605e-10,-2.1027459388897914e-10,8.756546830280042e-10,-1.6366787797547466e-10,-1.494427179994233e-09,3.0411808052444445e-11,-1.2655173766544856e-10,2.0679331887767477e-10,3.416414744346285e-11,-3.866170681974561e-10,-1.3364779281559288e-09
basketball,-6.906184158120692e-11,6.798434565286702e-11,0.0,2.848656322849523e-10,4.004206728184887e-11,1.7013418392250462e-08,6.583252829823614e-12,8.102483690051976e-10,2.674260082458613e-11,0.0006136890990484279,1.0409979862302956e-10,7.575836655982631e-09,3.817181756306578e-10,1.680178248629023e-11,8.371338459049541e-12,1.5594834654808713e-11,1.3643401149779655e-10,3.151145450275098e-10,-1.0591535810170525e-10,0.0,-1.293180487961407e-12,3.3992172826424907e-10,-4.131407479488078e-12,-3.621838309775387e-11,-1.1715656657998824e-10,2.6215240258936922e-11,6.753331608865068e-10,-1.571387653721085e-12,-6.013159094838959e-11,6.229478072141617e-08,5.402272647571386e-11,-1.8071434434495485e-05,5.999588361838511e-08,3.8394096637912373e-10,-1.8117528543139542e-07,3.2513057248109064e-11,-5.312833422297376e-11,-8.77728668252331e-12,9.462845437723661e-07,3.4336141241918153e-10
bernie-sanders,1.046392712785026e-09,-1.030066998588914e-09,0.0,-3.761580814911851e-06,-6.06698669615569e-10,1.6723303110368688e-10,-9.974636687682537e-11,-1.227650420928594e-08,-4.051913760631542e-10,1.0409979862302956e-10,5.788867423553651e-05,-1.1478553262658107e-07,-5.7836152088061256e-09,-2.5457274745235803e-10,-1.268386037678923e-10,-2.3628563858482796e-10,-2.0671843110272176e-09,-4.774468158679967e-09,1.6047799530414568e-09,0.0,1.959366573402138e-11,-5.150334992944714e-09,6.259715323402306e-11,5.487639957840697e-10,1.775101484660669e-09,-3.9720105550031164e-10,7.640425565560812e-07,2.3808930549275207e-11,9.110857332487577e-10,8.44454276440594e-10,-8.185270768155382e-10,3.408624193454534e-09,-6.371030719887978e-10,-5.817293894288408e-09,1.18382767435027e-10,-4.926226320613842e-10,8.049756638469543e-10,1.549770962078101e-08,-1.5049680174189443e-09,-5.202451477992338e-09
best-of-2025,7.615096642770316e-08,-7.496286668421193e-08,0.0,-1.3364889729610086e-07,-4.415234305164843e-08,1.2170341767084583e-08,-7.259016755865922e-09,-8.934195053812234e-07,-2.9487700457371063e-08,7.575836655982631e-09,-1.1478553262658107e-07,0.08834743847637841,-4.2090114181349926e-07,-1.8526467651954837e-08,-9.230647479909239e-09,-1.719562790468147e-08,-1.5043881818513127e-07,-3.474607191157556e-07,1.1678745736164441e-07,0.0,1.4259240945367457e-09,-3.7481433342104626e-07,4.555492078788112e-09,3.99361617384193e-08,1.2918256397676076e-07,-2.8906206888563605e-08,-7.44655394131713e-07,1.7326889310149648e-09,6.630403503167213e-08,6.145494752520342e-08,-5.956810209509775e-08,2.4806176815733094e-07,-4.6365015785400216e-08,-4.2335209967681964e-07,3.3245012608437594e-07,-3.585048811720569e-08,5.85819014254912e-08,2.5606152630523823e-06,-1.0952366885679473e-07,-3.7860709750923354e-07
big-tech,1.099834971991036e-06,-3.7770994822224195e-09,0.0,-1.582667041762035e-08,1.1620065990352065e-06,6.132181654761357e-10,-3.6575480158098796e-10,-4.5016079299616597e-08,-1.485775331920777e-09,3.817181756306578e-10,-5.7836152088061256e-09,-4.2090114181349926e-07,0.0006439187042790822,-9.334796609419132e-10,-2.592407032577727e-07,-1.6209424641637052e-08,-7.580051396205597e-09,-1.7507250727128544e-08,5.88448473547583e-09,0.0,7.184700102054198e-11,-1.8885497411112827e-08,2.2953426854049753e-10,2.0122343567730615e-09,-4.798249862369584e-07,-1.456476038086219e-09,-3.75204101446329e-08,8.730373788617077e-11,7.949151856012366e-07,3.0964857768220607e-09,-3.0014146674539106e-09,1.2498908026200687e-08,-2.3361603532855354e-09,-2.1331134563240713e-08,4.3409165636322966e-10,-1.8063724894001031e-09,2.9517236910637724e-09,4.876517478474711e-10,-5.518489503247061e-09,-1.907660065872502e-08
bitcoin,1.6888853761491247e-10,-1.6625355558339538e-10,0.0,-6.966298458275417e-10,-9.792160231274552e-11,2.6991531686835657e-11,-1.6099135466445628e-11,-1.9814366227868658e-09,-6.539817997713938e-11,1.680178248629023e-11,-2.5457274745235803e-10,-1.8526467651954837e-08,-9.334796609419132e-10,1.5875412698060692e-05,-2.0471842016621563e-11,-1.1412602995173282e-08,-3.3364503690079967e-10,-7.706026001101231e-10,2.590126404278291e-10,0.0,3.162431763812188e-12,-8.312677779170064e-10,1.0103225623975955e-11,8.857090422294736e-11,2.8650265832269496e-10,-6.410853648244754e-11,-1.6515057712545917e-09,3.842778541472706e-12,1.4704989364907282e-10,1.362955285221079e-10,-1.321108598258917e-10,5.50154400233919e-10,-1.0282889475766747e-10,-9.389154250393168e-10,1.9107063941318034e-11,-7.950964767655948e-11,1.2992365201097205e-10,2.1464575489121742e-11,-2.429029221186031e-10,-8.396794161459463e-10
brazil,-1.3613775490844967e-07,-8.283435313747263e-11,0.0,-3.4708961533423285e-10,-9.290652331440892e-08,1.3448290231287087e-11,-8.021250840355992e-12,-9.872331473183078e-10,-3.258406062814964e-11,8.371338459049541e-12,-1.268386037678923e-10,-9.230647479909239e-09,-2.592407032577727e-07,-2.0471842016621563e-11,5.1121679874460865e-06,-1.9001257252840308e-11,-1.6623566763565645e-10,-3.839458812305506e-10,1.290507408938418e-10,0.0,1.5756534564196997e-12,-4.1417176568740294e-10,5.0338421709368524e-12,4.412966406863284e-11,1.4274739743791527e-10,-3.19415072446396e-11,-8.22848039457827e-10,1.9146301780817102e-12,-1.16497039052089e-07,6.790803301043077e-11,-6.582305910819423e-11,2.7410952932221686e-10,-5.123358084705126e-11,-4.678062469762641e-10,9.519924409321847e-12,-3.9614973709077685e-11,6.473330229733613e-11,1.0694533538085722e-11,-1.2102421724632158e-10,-4.1836278950683126e-10
bundesliga,1.5675651207506676e-10,-1.5431081268971068e-10,0.0,-6.46587781394088e-10,-9.088745187874477e-11,2.5052608202689374e-11,-1.494266194013906e-11,-1.83910109159747e-09,-6.070033368782714e-11,1.5594834654808713e-11,-2.3628563858482796e-10,-1.719562790468147e-08,-1.6209424641637052e-08,-1.1412602995173282e-08,-1.9001257252840308e-11,7.71098754907505e-06,-3.096778087745652e-10,-7.152467390336981e-10,2.4040659401883613e-10,0.0,2.935260023987147e-12,-7.715540634484857e-10,9.377465350152597e-12,8.220845661524705e-11,2.758525493923821e-10,-5.950333110313839e-11,-1.5328706615009727e-09,3.566734423454887e-12,-9.907804344081553e-10,1.2650480585762505e-10,-1.2262074079157206e-10,5.106343278313444e-10,2.1022093420845872e-09,-8.714688944624087e-10,1.773451734340795e-11,-7.379811100332483e-11,1.2059064998084138e-10,1.9922678201640056e-11,-2.2545410944923667e-10,-7.793614557572138e-10
business,1.3714104858582097e-09,-1.3500138769521007e-09,0.0,-5.65678102742563e-09,-7.951440287198117e-10,2.1917692051485708e-10,-1.3072836975045047e-10,-1.6089682579579785e-08,-5.310469913664795e-10,1.3643401149779655e-10,-2.0671843110272176e-09,-1.5043881818513127e-07,-7.580051396205597e-09,-3.3364503690079967e-10,-1.6623566763565645e-10,-3.096778087745652e-10,0.0004640361622606363,-6.257455367576718e-09,2.1032371768324956e-09,0.0,6.032280011849285e-06,-6.750069384760921e-09,-6.087477629633882e-07,7.192143913892634e-10,2.3264619103155097e-09,-5.205748146479095e-10,-1.3410574596353148e-08,3.120417087523308e-11,1.1940760986069055e-09,1.1067483893843566e-09,-1.0727679984659007e-09,4.4673695679812976e-09,-8.349922766304148e-10,1.727789482527071e-07,1.5515338230249651e-10,-6.45635080334147e-10,1.0550074104797243e-09,1.742968724579916e-10,-1.972422872170292e-09,-6.818373658296749e-09
california-midterm,3.1674755184048093e-09,-3.1180568829302874e-09,0.0,-1.306517312074921e-08,-1.8365028345251478e-09,5.062215413175271e-10,-3.4540595515156615e-08,7.190420164903893e-06,-1.2265316341251335e-09,3.151145450275098e-10,-4.774468158679967e-09,-3.474607191157556e-07,-1.7507250727128544e-08,-7.706026001101231e-10,-3.839458812305506e-10,-7.152467390336981e-10,-6.257455367576718e-09,0.00034915905166666523,4.857737588937459e-09,0.0,5.931086462096833e-11,-1.559028441465039e-08,1.8948426147091128e-10,1.6611320977202417e-09,5.373308153477307e-09,-1.2023445918627472e-09,-1.652659408194085e-06,7.207065159463834e-11,2.757895501348202e-09,2.5561992303241688e-09,-2.477716487593037e-09,1.0318051294024957e-08,-1.9285382615614665e-09,-1.7609197549248988e-08,3.583497028121852e-10,-1.491189787353945e-09,2.4366957806506506e-09,4.025644270174081e-10,-4.555602588696517e-09,-1.5748043245036835e-08
celebrities,-1.064642394660243e-09,1.048031950757272e-09,0.0,4.391426900413711e-09,6.172798382144389e-10,-1.701496699328436e-10,1.0148600003889631e-10,1.2490613399480173e-08,4.1225814327340935e-10,-1.0591535810170525e-10,1.6047799530414568e-09,1.1678745736164441e-07,5.88448473547583e-09,2.590126404278291e-10,1.290507408938418e-10,2.4040659401883613e-10,2.1032371768324956e-09,4.857737588937459e-09,2.8712641281994235e-05,0.0,-1.99353903676566e-11,5.240159753786059e-09,-6.368888305864817e-11,-9.690118827987477e-07,-1.8060602604582504e-09,4.0412846699192233e-10,1.0410789766636941e-08,-2.422417178997777e-11,-9.269755847258388e-10,-8.591820375525846e-10,-1.6741247793556094e-07,-3.468072530969181e-09,6.482145105944498e-10,5.918750796318289e-09,-2.062137446009439e-06,-2.0873986273044274e-08,-8.190148955837725e-10,-8.096497461291572e-08,1.5312155124699415e-09,5.293185179865982e-09
champions-league,0.0,0.0,0.0,0.0,0.0,0.0,0.0,0.0,0.0,0.0,0.0,0.0,0.0,0.0,0.0,0.0,0.0,0.0,0.0,0.0,0.0,0.0,0.0,0.0,0.0,0.0,0.0,0.0,0.0,0.0,0.0,0.0,0.0,0.0,0.0,0.0,0.0,0.0,0.0,0.0
climate-science,-2.4517192217362736e-07,1.2796014607978384e-11,0.0,5.3617413788693467e-11,7.536718533538467e-12,-2.0774535169771924e-12,1.239099951166566e-12,1.5250496075716997e-10,5.033492747787552e-12,-1.293180487961407e-12,1.959366573402138e-11,1.4259240945367457e-09,7.184700102054198e-11,3.162431763812188e-12,1.5756534564196997e-12,2.935260023987147e-12,6.032280011849285e-06,5.931086462096833e-11,-1.99353903676566e-11,0.0,7.702210769336576e-06,6.398007303993737e-11,-8.792557114143622e-08,-6.817024636269481e-12,-2.2051210804242947e-11,4.9342329338328165e-12,1.2711121816295203e-10,-2.957666088964333e-13,-1.1317968994009356e-11,-1.04902392484342e-11,1.016815842688405e-11,-4.234365825940459e-11,7.914417438018382e-12,1.5421425121803275e-06,-1.4706107695009782e-12,6.119608146569952e-12,-9.999815903010233e-12,-1.6520610374267266e-12,1.8695475888285785e-11,6.462749044566734e-11
colombia-election,3.416832924538069e-09,-3.3635238398129655e-09,0.0,-1.409372019590179e-08,-1.9810803002427813e-09,5.460734958910654e-10,-3.257062728779054e-10,-4.00870182561539e-08,-1.3230895222758112e-09,3.3992172826424907e-10,-5.150334992944714e-09,-3.7481433342104626e-07,-1.8885497411112827e-08,-8.312677779170064e-10,-4.1417176568740294e-10,-7.715540634484857e-10,-6.750069384760921e-09,-1.559028441465039e-08,5.240159753786059e-09,0.0,6.398007303993737e-11,0.00043228008389276323,2.0440128408683846e-10,1.7919036186765985e-09,5.796318268542556e-09,-1.296998371177794e-09,-3.341209163142784e-08,7.774436576714873e-11,2.9750089927097224e-09,2.7574343167297504e-09,-2.6727730722106355e-09,1.1130333028194107e-08,-2.080361155136364e-09,-1.8995469929084026e-08,3.8656054512586195e-10,-1.6085827128134155e-09,2.628523037363053e-09,4.342560441237169e-10,-4.9142393763501564e-09,-1.6987797488578786e-08
colorado-midterm,-4.152817524400903e-11,4.0880256817368116e-11,0.0,1.7129502526511075e-10,2.407804294149246e-11,-6.6369753319246355e-12,3.958632885152009e-12,4.872174776811635e-10,1.6080825360230784e-11,-4.131407479488078e-12,6.259715323402306e-11,4.555492078788112e-09,2.2953426854049753e-10,1.0103225623975955e-11,5.0338421709368524e-12,9.377465350152597e-12,-6.087477629633882e-07,1.8948426147091128e-10,-6.368888305864817e-11,0.0,-8.792557114143622e-08,2.0440128408683846e-10,1.0651024305935756e-06,-2.1778790224818896e-11,-7.044843167407902e-11,1.576371360234116e-11,4.0609044316277603e-10,-9.449047457451114e-13,-3.615824874388668e-11,-3.351384690384733e-11,3.248487443829102e-11,-1.352780281410725e-10,2.528470209968433e-11,2.3087087413381828e-10,-4.6982554941799435e-12,1.9550708585268564e-11,-3.19470596717233e-11,-5.277946419804215e-12,5.97276479474521e-11,2.0646963041389511e-10
comex-gold-futures,4.469572411185487e-07,3.583807237353421e-10,0.0,1.5016743999683963e-09,2.1108249133690175e-10,-5.818368591700795e-11,3.4703737912446195e-11,4.271239122785862e-09,1.409741102314192e-10,-3.621838309775387e-11,5.487639957840697e-10,3.99361617384193e-08,2.0122343567730615e-09,8.857090422294736e-11,4.412966406863284e-11,8.220845661524705e-11,7.192143913892634e-10,1.6611320977202417e-09,-9.690118827987477e-07,0.0,-6.817024636269481e-12,1.7919036186765985e-09,-2.1778790224818896e-11,0.00012479752655674518,-6.175929872987709e-10,1.3819411934721167e-10,3.5600311312334368e-09,-8.283598807947518e-12,-3.169847834305055e-10,-2.938023790362997e-10,6.466435344617429e-08,-1.1859279125196753e-09,2.2166078550825262e-10,-1.2331100524809497e-06,-4.7613744867344516e-08,3.3932847205723764e-07,-2.800669872872482e-10,-3.7313243895838555e-08,5.23608200262655e-10,1.8100359767227774e-09
comex-silver-futures,-1.1776370285611204e-09,1.1592636537085531e-09,0.0,4.857506099779688e-09,6.827941458197067e-10,-1.8820831550137643e-10,1.1225710353615164e-10,1.3816290730525302e-08,4.5601270180447475e-10,-1.1715656657998824e-10,1.775101484660669e-09,1.2918256397676076e-07,-4.798249862369584e-07,2.8650265832269496e-10,1.4274739743791527e-10,2.758525493923821e-10,2.3264619103155097e-09,5.373308153477307e-09,-1.8060602604582504e-09,0.0,-2.2051210804242947e-11,5.796318268542556e-09,-7.044843167407902e-11,-6.175929872987709e-10,8.042026555617867e-05,4.4702019139225916e-10,1.1515727334593857e-08,6.768866952072142e-07,-1.0253591051984835e-09,-9.503703654590724e-10,9.211912341899449e-10,-3.836152543510374e-09,7.170120351728414e-10,6.546930815012011e-09,-1.3323098371352876e-10,5.544100656804127e-10,-9.059401286478884e-10,-1.496695942502007e-10,1.6937293641844742e-09,5.854971489116888e-09
commodities,2.635109455896949e-10,-2.5939967423559247e-10,0.0,-1.0869274611080315e-09,-1.527836902580246e-10,4.211395360607396e-11,-2.5118924409260858e-11,-3.091567050495963e-09,-1.0203851894861662e-10,2.6215240258936922e-11,-3.9720105550031164e-10,-2.8906206888563605e-08,-1.456476038086219e-09,-6.410853648244754e-11,-3.19415072446396e-11,-5.950333110313839e-11,-5.205748146479095e-10,-1.2023445918627472e-09,4.0412846699192233e-10,0.0,4.9342329338328165e-12,-1.296998371177794e-09,1.576371360234116e-11,1.3819411934721167e-10,4.4702019139225916e-10,1.297790112886367e-05,-2.576787350852739e-09,5.995754486688547e-12,2.2943686452354516e-10,2.1265720046910744e-10,-2.0612800659548517e-10,8.583868880226911e-10,-1.6044036898062618e-10,-1.4649572728552791e-09,2.981209120358435e-11,-1.2405615406846726e-10,2.027153818688404e-10,3.3490434956091894e-11,-3.789930305389859e-10,-1.3101227594576494e-09
congress,6.788329157215069e-09,-6.682418326285894e-09,0.0,-2.8000436033142585e-08,-3.9358743789734685e-09,1.0849013446101086e-09,-1.8983861850797575e-09,-1.0478735631120911e-06,-2.628623459218292e-09,6.753331608865068e-10,7.640425565560812e-07,-7.44655394131713e-07,-3.75204101446329e-08,-1.6515057712545917e-09,-8.22848039457827e-10,-1.5328706615009727e-09,-1.3410574596353148e-08,-1.652659408194085e-06,1.0410789766636941e-08,0.0,1.2711121816295203e-10,-3.341209163142784e-08,4.0609044316277603e-10,3.5600311312334368e-09,1.1515727334593857e-08,-2.576787350852739e-09,0.00044532849186420837,1.5445717031007308e-10,5.910543691836383e-09,5.478281257750249e-09,-5.310082107441421e-09,2.2112981785614348e-08,-4.133118767830589e-09,-3.773889599592612e-08,7.679919614039621e-10,-3.195821736779774e-09,5.222169175085979e-09,8.627501054708217e-10,-9.763273528664163e-09,-3.375019017769795e-08
connecticut-primary,-1.5795309996397076e-11,1.5548873153418493e-11,0.0,6.515234558232699e-11,9.158123373656192e-12,-2.524384521837816e-12,1.5056725515986322e-12,1.853139717892634e-10,6.116368467195795e-12,-1.571387653721085e-12,2.3808930549275207e-11,1.7326889310149648e-09,8.730373788617077e-11,3.842778541472706e-12,1.9146301780817102e-12,3.566734423454887e-12,3.120417087523308e-11,7.207065159463834e-11,-2.422417178997777e-11,0.0,-2.957666088964333e-13,7.774436576714873e-11,-9.449047457451114e-13,-8.283598807947518e-12,6.768866952072142e-07,5.995754486688547e-12,1.5445717031007308e-10,4.499605068201694e-06,-1.375284958899919e-11,-1.2747046984540406e-11,1.2355675608956325e-11,-5.1453221280093235e-11,9.617078176059764e-12,8.781211802964941e-11,-1.7869892316912643e-12,7.436144278886513e-12,-1.2151116874828895e-11,-2.007475632032411e-12,2.2717509477418244e-11,7.853106470644145e-11
crypto-prices,-5.8791810633479127e-08,5.950017985419122e-10,0.0,2.4931557687947793e-09,1.516763246656689e-07,-9.659949733230666e-11,5.761690042592977e-11,7.091327160601607e-09,-4.783798426899641e-10,-6.013159094838959e-11,9.110857332487577e-10,6.630403503167213e-08,7.949151856012366e-07,1.4704989364907282e-10,-1.16497039052089e-07,-9.907804344081553e-10,1.1940760986069055e-09,2.757895501348202e-09,-9.269755847258388e-10,0.0,-1.1317968994009356e-11,2.9750089927097224e-09,-3.615824874388668e-11,-3.169847834305055e-10,-1.0253591051984835e-09,2.2943686452354516e-10,5.910543691836383e-09,-1.375284958899919e-11,5.3356522928126465e-06,-4.87785565363129e-10,4.728091313746379e-10,-1.968937485073512e-09,3.6801244405384966e-10,3.36026718115454e-09,-6.838192043495586e-11,2.8455561869326104e-10,-4.649813734713693e-10,-7.681917524198977e-11,8.693208095580364e-10,3.005113250374059e-09
delaware-midterm,-5.602274762635856e-10,5.514868633459632e-10,0.0,2.3108210061461898e-09,3.2481998429307114e-10,-8.953477773538551e-11,5.3403138897189134e-11,6.572709162129243e-09,2.1693513271079605e-10,6.229478072141617e-08,8.44454276440594e-10,6.145494752520342e-08,3.0964857768220607e-09,1.362955285221079e-10,6.790803301043077e-11,1.2650480585762505e-10,1.1067483893843566e-09,2.5561992303241688e-09,-8.591820375525846e-10,0.0,-1.04902392484342e-11,2.7574343167297504e-09,-3.351384690384733e-11,-2.938023790362997e-10,-9.503703654590724e-10,2.1265720046910744e-10,5.478281257750249e-09,-1.2747046984540406e-11,-4.87785565363129e-10,4.297938400614485e-06,4.3823064982675984e-10,2.356158158188874e-06,3.4109817641035223e-10,3.114516985125693e-09,-6.338086860016675e-11,2.6374489284765133e-10,-4.309753681390534e-10,-7.120107216962112e-11,8.057437938496167e-10,2.7853369258871207e-09
democratic-primary,5.430268651496458e-10,-5.345546144421269e-10,0.0,-2.239872087778773e-09,-3.1484706709677537e-10,8.678579993930536e-11,-5.1763507384359895e-11,-6.370907895585261e-09,-2.1027459388897914e-10,5.402272647571386e-11,-8.185270768155382e-10,-5.956810209509775e-08,-3.0014146674539106e-09,-1.321108598258917e-10,-6.582305910819423e-11,-1.2262074079157206e-10,-1.0727679984659007e-09,-2.477716487593037e-09,-1.6741247793556094e-07,0.0,1.016815842688405e-11,-2.6727730722106355e-09,3.248487443829102e-11,6.466435344617429e-08,9.211912341899449e-10,-2.0612800659548517e-10,-5.310082107441421e-09,1.2355675608956325e-11,4.728091313746379e-10,4.3823064982675984e-10,1.245203497395538e-06,1.7689099777065631e-09,-3.306254714241004e-10,-3.0188922652777228e-09,6.143489179778413e-11,-2.556471583962639e-10,4.1774317225235837e-10,6.901499239815194e-11,-7.810051185031313e-10,-2.6998189902033278e-09
economic-policy,-2.2613479293146605e-09,2.2260666056387485e-09,0.0,9.327586594141402e-09,1.3111299070514645e-09,7.211055432348427e-07,2.15560790358748e-10,2.6530619941917855e-08,8.756546830280042e-10,-1.8071434434495485e-05,3.408624193454534e-09,2.4806176815733094e-07,1.2498908026200687e-08,5.50154400233919e-10,2.7410952932221686e-10,5.106343278313444e-10,4.4673695679812976e-09,1.0318051294024957e-08,-3.468072530969181e-09,0.0,-4.234365825940459e-11,1.1130333028194107e-08,-1.352780281410725e-10,-1.1859279125196753e-09,-3.836152543510374e-09,8.583868880226911e-10,2.2112981785614348e-08,-5.1453221280093235e-11,-1.968937485073512e-09,2.356158158188874e-06,1.7689099777065631e-09,0.0003224524319395696,-1.6089281484343967e-07,1.2571690667696414e-08,-2.558357132411393e-10,1.0646014209909942e-09,-1.7396241662885407e-09,-2.8740182147009956e-10,7.609403347459087e-06,-2.6666218957384627e-07
elon-musk,4.2266663346710694e-10,-4.1607223102726325e-10,0.0,-1.7434113402059118e-09,-2.450621846676362e-10,4.53875372994122e-08,-4.02902854476046e-11,-4.95881578826493e-09,-1.6366787797547466e-10,5.999588361838511e-08,-6.371030719887978e-10,-4.6365015785400216e-08,-2.3361603532855354e-09,-1.0282889475766747e-10,-5.123358084705126e-11,2.1022093420845872e-09,-8.349922766304148e-10,-1.9285382615614665e-09,6.482145105944498e-10,0.0,7.914417438018382e-12,-2.080361155136364e-09,2.528470209968433e-11,2.2166078550825262e-10,7.170120351728414e-10,-1.6044036898062618e-10,-4.133118767830589e-09,9.617078176059764e-12,3.6801244405384966e-10,3.4109817641035223e-10,-3.306254714241004e-10,-1.6089281484343967e-07,6.699912155163309e-06,-2.3497640953974277e-09,4.781803730178634e-11,-1.989837533452452e-10,3.2515168512171406e-10,5.3718031957112816e-11,-1.5838048953282353e-07,1.3927113363813396e-07
epstein,3.859306498887821e-09,-3.799093985816972e-09,0.0,6.032556652453791e-07,-2.237626552541737e-09,6.167890084490411e-10,-3.67884635686738e-10,-4.5278213331989536e-08,-1.494427179994233e-09,3.8394096637912373e-10,-5.817293894288408e-09,-4.2335209967681964e-07,-2.1331134563240713e-08,-9.389154250393168e-10,-4.678062469762641e-10,-8.714688944624087e-10,1.727789482527071e-07,-1.7609197549248988e-08,5.918750796318289e-09,0.0,1.5421425121803275e-06,-1.8995469929084026e-08,2.3087087413381828e-10,-1.2331100524809497e-06,6.546930815012011e-09,-1.4649572728552791e-09,-3.773889599592612e-08,8.781211802964941e-11,3.36026718115454e-09,3.114516985125693e-09,-3.0188922652777228e-09,1.2571690667696414e-08,-2.3497640953974277e-09,0.0003542196411520339,4.3661942417611726e-10,-1.8168912131979916e-09,2.9689119323685196e-09,4.904914025008719e-10,-5.550624329926861e-09,-1.91876859938428e-08
extended,-7.853744232632361e-11,7.731210902514988e-11,0.0,3.2395050079844023e-10,4.553602217621629e-11,-1.2551745033088752e-11,7.486505248113618e-12,9.214181535534026e-10,3.0411808052444445e-11,-1.8117528543139542e-07,1.18382767435027e-10,3.3245012608437594e-07,4.3409165636322966e-10,1.9107063941318034e-11,9.519924409321847e-12,1.773451734340795e-11,1.5515338230249651e-10,3.583497028121852e-10,-2.062137446009439e-06,0.0,-1.4706107695009782e-12,3.8656054512586195e-10,-4.6982554941799435e-12,-4.7613744867344516e-08,-1.3323098371352876e-10,2.981209120358435e-11,7.679919614039621e-10,-1.7869892316912643e-12,-6.838192043495586e-11,-6.338086860016675e-11,6.143489179778413e-11,-2.558357132411393e-10,4.781803730178634e-11,4.3661942417611726e-10,1.9451577561373765e-05,-1.701718892903133e-07,-6.041778483458032e-11,4.52464855119196e-07,1.1295600344581481e-10,3.9047216968951625e-10
fdv,5.4787511364159846e-08,-3.217165425626644e-10,0.0,-1.3480454277152794e-09,-1.8948767277610698e-10,5.223119723537443e-11,-3.115336801272334e-11,-3.834269512932623e-09,-1.2655173766544856e-10,3.2513057248109064e-11,-4.926226320613842e-10,-3.585048811720569e-08,-1.8063724894001031e-09,-7.950964767655948e-11,-3.9614973709077685e-11,-7.379811100332483e-11,-6.45635080334147e-10,-1.491189787353945e-09,-2.0873986273044274e-08,0.0,6.119608146569952e-12,-1.6085827128134155e-09,1.9550708585268564e-11,3.3932847205723764e-07,5.544100656804127e-10,-1.2405615406846726e-10,-3.195821736779774e-09,7.436144278886513e-12,2.8455561869326104e-10,2.6374489284765133e-10,-2.556471583962639e-10,1.0646014209909942e-09,-1.989837533452452e-10,-1.8168912131979916e-09,-1.701718892903133e-07,1.4634909257062887e-05,2.514147019317096e-10,1.8315585856468216e-08,-4.700404030948351e-10,-1.6248600378835598e-09
fifa-world-cup,-5.340365928530693e-10,5.257046074726401e-10,0.0,2.202789097468488e-09,3.0963450571790923e-10,-8.534898709815675e-11,5.090651842805521e-11,6.265432088707847e-09,2.0679331887767477e-10,-5.312833422297376e-11,8.049756638469543e-10,5.85819014254912e-08,2.9517236910637724e-09,1.2992365201097205e-10,6.473330229733613e-11,1.2059064998084138e-10,1.0550074104797243e-09,2.4366957806506506e-09,-8.190148955837725e-10,0.0,-9.999815903010233e-12,2.628523037363053e-09,-3.19470596717233e-11,-2.800669872872482e-10,-9.059401286478884e-10,2.027153818688404e-10,5.222169175085979e-09,-1.2151116874828895e-11,-4.649813734713693e-10,-4.309753681390534e-10,4.1774317225235837e-10,-1.7396241662885407e-09,3.2515168512171406e-10,2.9689119323685196e-09,-6.041778483458032e-11,2.514147019317096e-10,0.00011320043752619775,-6.787239041281345e-11,7.680749135151594e-10,2.6551211871458865e-09
foreign-policy,-8.822772900720868e-11,8.685120882471272e-11,0.0,3.3349730964054715e-08,5.1154452011994135e-11,-5.276617526863928e-07,8.410222394265216e-12,1.0351066796421803e-09,3.416414744346285e-11,-8.77728668252331e-12,1.549770962078101e-08,2.5606152630523823e-06,4.876517478474711e-10,2.1464575489121742e-11,1.0694533538085722e-11,1.9922678201640056e-11,1.742968724579916e-10,4.025644270174081e-10,-8.096497461291572e-08,0.0,-1.6520610374267266e-12,4.342560441237169e-10,-5.277946419804215e-12,-3.7313243895838555e-08,-1.496695942502007e-10,3.3490434956091894e-11,8.627501054708217e-10,-2.007475632032411e-12,-7.681917524198977e-11,-7.120107216962112e-11,6.901499239815194e-11,-2.8740182147009956e-10,5.3718031957112816e-11,4.904914025008719e-10,4.52464855119196e-07,1.8315585856468216e-08,-6.787239041281345e-11,1.7689432754333304e-05,1.2689299990624354e-10,4.386503017129102e-10
formula1,9.984252052222546e-10,-9.828478752699952e-10,0.0,-4.11829486243871e-09,-5.788871007202731e-10,5.94287442514112e-07,-9.5173910905876e-11,-1.1713739100824096e-08,-3.866170681974561e-10,9.462845437723661e-07,-1.5049680174189443e-09,-1.0952366885679473e-07,-5.518489503247061e-09,-2.429029221186031e-10,-1.2102421724632158e-10,-2.2545410944923667e-10,-1.972422872170292e-09,-4.555602588696517e-09,1.5312155124699415e-09,0.0,1.8695475888285785e-11,-4.9142393763501564e-09,5.97276479474521e-11,5.23608200262655e-10,1.6937293641844742e-09,-3.789930305389859e-10,-9.763273528664163e-09,2.2717509477418244e-11,8.693208095580364e-10,8.057437938496167e-10,-7.810051185031313e-10,7.609403347459087e-06,-1.5838048953282353e-07,-5.550624329926861e-09,1.1295600344581481e-10,-4.700404030948351e-10,7.680749135151594e-10,1.2689299990624354e-10,2.870088767244309e-05,-4.9639667986108296e-09
france,3.4514080196080256e-09,-3.397559497715975e-09,0.0,-1.4236335221693287e-08,-2.001126946138145e-09,5.515992395995143e-10,-3.2900211016298047e-10,-4.04926607027947e-08,-1.3364779281559288e-09,3.4336141241918153e-10,-5.202451477992338e-09,-3.7860709750923354e-07,-1.907660065872502e-08,-8.396794161459463e-10,-4.1836278950683126e-10,-7.793614557572138e-10,-6.818373658296749e-09,-1.5748043245036835e-08,5.293185179865982e-09,0.0,6.462749044566734e-11,-1.6987797488578786e-08,2.0646963041389511e-10,1.8100359767227774e-09,5.854971489116888e-09,-1.3101227594576494e-09,-3.375019017769795e-08,7.853106470644145e-11,3.005113250374059e-09,2.7853369258871207e-09,-2.6998189902033278e-09,-2.6666218957384627e-07,1.3927113363813396e-07,-1.91876859938428e-08,3.9047216968951625e-10,-1.6248600378835598e-09,2.6551211871458865e-09,4.386503017129102e-10,-4.9639667986108296e-09,9.589840899230698e-05
