category,2025-predictions,2026-fifa-world-cup,2026-nfl-draft,abraham-accords,acquisitions,airdrops,anthropic,awards,base,basketball,bernie-sanders,best-of-2025,big-tech,bitcoin,brazil,bundesliga,business,california-midterm,celebrities,champions-league,claude-5,climate-science,colombia-election,colorado-midterm,comex-gold-futures,comex-silver-futures,commodities,congress,connecticut-primary,crypto-prices,delaware-midterm,democratic-primary,economic-policy,elon-musk,epstein,extended,fdv,felix,fifa-world-cup,foreign-policy
2025-predictions,0.9999999999999999,1.4478309340492836e-05,0.0,5.557339703844873e-05,1.1149130029364677e-05,-1.698689887270813e-06,3.404449778322475e-05,0.0,2.4874882313141184e-05,-1.1707247568390575e-05,-1.6505808392513542e-05,4.2427845421431604e-05,0.007140514646874666,9.193711191309511e-06,1.077326702774992e-05,5.002174241915262e-05,-4.241350001594432e-05,2.7537440671266703e-05,1.843623399881225e-05,6.632947335248594e-06,0.017110185644058994,3.521564229479207e-05,3.21033936650483e-05,3.145030706284594e-05,-6.4630520791056304e-06,-8.91161529602457e-06,1.967856037883077e-05,-0.06797340137138272,6.3673879141830635e-06,-5.5878178702617505e-05,-4.3899126778956895e-05,8.143005114537777e-05,-6.522355410801433e-06,2.967462929165464e-05,-5.279994432811511e-05,-9.918199496644912e-06,1.2384947371495531e-05,9.146518819990403e-05,3.1373682761399734e-06,-2.525011014524499e-05
2026-fifa-world-cup,1.4478309340492836e-05,1.0,0.0,-4.268244891113084e-05,-8.562949149080475e-06,1.304657411514751e-06,-2.614744850548286e-05,0.0,-1.910484062664716e-05,8.991604308119806e-06,1.2677078620242187e-05,-3.2586173261222565e-05,-2.0921484215120462e-05,-7.061114294582659e-06,-8.274272296144082e-06,-3.841857037772956e-05,3.2575155452892094e-05,-2.1149785099179306e-05,-1.4159717737310733e-05,-5.094351809572908e-06,-1.6664454608980995e-05,-2.7046931323637203e-05,-2.4656607891620646e-05,-0.049166340802125036,4.963865894063215e-06,6.844454088798605e-06,-1.5113870894610616e-05,5.864254033854908e-06,-4.890392234911674e-06,4.2916532636493776e-05,3.3716172410508186e-05,-6.254132702088567e-05,5.009413072394147e-06,-2.279122594973786e-05,4.05523334255786e-05,7.617548429026421e-06,-9.512103121663899e-06,-7.024868787106947e-05,-2.409616260620551e-06,1.939302964562541e-05
2026-nfl-draft,0.0,0.0,0.0,0.0,0.0,0.0,0.0,0.0,0.0,0.0,0.0,0.0,0.0,0.0,0.0,0.0,0.0,0.0,0.0,0.0,0.0,0.0,0.0,0.0,0.0,0.0,0.0,0.0,0.0,0.0,0.0,0.0,0.0,0.0,0.0,0.0,0.0,0.0,0.0,0.0
abraham-accords,5.557339703844873e-05,-4.268244891113084e-05,0.0,1.0,-3.286793794016834e-05,5.007783894113977e-06,-0.00010036410351265898,0.0,-7.33318282219284e-05,3.4513283593840787e-05,4.865957114757599e-05,-5.653682394544746e-05,-8.030481471125835e-05,-2.710331013091608e-05,0.007910536188051643,-0.00014746545435935968,0.0001250361492491139,-8.11811225297779e-05,-5.435051823123426e-05,-1.9554108778095533e-05,-6.396467506216418e-05,-0.00010381666932037955,-9.464167588614793e-05,-9.271635885654868e-05,1.905325295163073e-05,2.6271683774872247e-05,-5.801293011919142e-05,2.250929373682067e-05,-1.8771232396893125e-05,0.00016473038748046487,0.00012941581726988072,-0.00024005800097961892,1.9228080783102727e-05,-8.748161259100524e-05,0.003583127767513655,2.923912131936242e-05,-0.007556687883099267,-0.0002696418573935696,-9.249046833611258e-06,-0.001581122720383198
acquisitions,1.1149130029364677e-05,-8.562949149080475e-06,0.0,-3.286793794016834e-05,1.0,1.0046611646895825e-06,-2.013503762544946e-05,0.0,-1.4711824932559237e-05,6.924051921134791e-06,9.762078886811524e-06,-2.509322561803999e-05,0.006886904686116314,-5.4374636962846256e-06,-6.371665058300989e-06,-2.9584506492455263e-05,2.5084741272608978e-05,-1.6286549666706854e-05,-1.0903796190542863e-05,-3.922943584400594e-06,-0.030269341687798202,-2.0827691074340662e-05,-1.8987004697979544e-05,-1.8600747764722376e-05,3.822461932516225e-06,5.2706228898292e-06,-1.163854894160622e-05,-0.0014126292861630658,-3.7658829936128383e-06,3.304819585775172e-05,2.596338988599312e-05,-4.8160415057216576e-05,3.857535876700382e-06,-1.7550553429025683e-05,3.122762663258344e-05,5.8659499491891304e-06,-7.324865912317403e-06,-5.4095525730775276e-05,-1.8555429628366962e-06,1.4933747034794048e-05
airdrops,-1.698689887270813e-06,1.304657411514751e-06,0.0,5.007783894113977e-06,1.0046611646895825e-06,1.0,3.067789567804267e-06,0.0,2.2415047784367105e-06,-1.0549537897929688e-06,-1.4873577256790028e-06,3.82322284197234e-06,2.4546452784738746e-06,8.284560830265132e-07,9.707917094071757e-07,4.507517794326707e-06,-3.8219301606834395e-06,2.4814310304500436e-06,1.6613106379561535e-06,5.977026528173124e-07,1.9551827396031905e-06,-0.012054528279201124,2.892874402314802e-06,2.834024003703215e-06,-5.823931923070473e-07,-8.030360915148174e-07,1.7732581230596748e-06,-6.880326141283491e-07,5.737727823648574e-07,-5.035248126825592e-06,-3.9558017282465076e-06,7.337757278727443e-06,0.005853504276410902,0.002756205117907182,-4.757864822145126e-06,-8.937405727334084e-07,1.1160221127653347e-06,-0.00016517012728107944,2.827119298155764e-07,-2.275316997850741e-06
anthropic,3.404449778322475e-05,-2.614744850548286e-05,0.0,-0.00010036410351265898,-2.013503762544946e-05,3.067789567804267e-06,0.9999999999999999,0.0,-4.4923387742769936e-05,2.114298332328632e-05,2.980905883655465e-05,-7.662358064506496e-05,-4.9195068721968036e-05,-1.6603602278110593e-05,-1.9456238861816775e-05,-9.033796027559823e-05,7.65976732174459e-05,-0.005614235360555718,-3.329535706014494e-05,-1.1978929639450702e-05,-3.918503014764171e-05,-6.359853017612045e-05,-5.7977890440593436e-05,-5.679843309518451e-05,0.005779918152938288,1.6094144459381562e-05,-3.5538966053752914e-05,1.3789288428689213e-05,-1.149933626123758e-05,0.00010091453123746289,7.92806763479046e-05,-0.00014706054547181482,1.1779203512483133e-05,-5.3591605419889205e-05,9.535532035847114e-05,1.7912009234413344e-05,-2.2366891466645443e-05,-0.00042979830861230147,-5.666005160814978e-06,0.0006098818427109096
awards,0.0,0.0,0.0,0.0,0.0,0.0,0.0,0.0,0.0,0.0,0.0,0.0,0.0,0.0,0.0,0.0,0.0,0.0,0.0,0.0,0.0,0.0,0.0,0.0,0.0,0.0,0.0,0.0,0.0,0.0,0.0,0.0,0.0,0.0,0.0,0.0,0.0,0.0,0.0,0.0
base,2.4874882313141184e-05,-1.910484062664716e-05,0.0,-7.33318282219284e-05,-1.4711824932559237e-05,2.2415047784367105e-06,-4.4923387742769936e-05,0.0,1.0,1.5448288450727986e-05,-0.0018171552220290037,-5.598562690199039e-05,-3.594476712911752e-05,-1.213155368811946e-05,-1.4215855232338553e-05,-6.600614714815673e-05,5.5966697434530605e-05,-3.633700613226441e-05,-2.432751670236535e-05,-8.752499946277762e-06,-2.8630853054901567e-05,-4.646877047483682e-05,-4.2362005474625655e-05,-4.150022561089393e-05,8.528314807287069e-06,1.1759314292338075e-05,-2.5966827407670328e-05,1.0075252953637013e-05,-8.402081240818326e-06,0.009442014182120451,5.792705495076952e-05,-0.00010745095389011662,8.606568467576318e-06,-3.915713153650608e-05,6.967212108552018e-05,1.3087551607751892e-05,-1.6342546642521407e-05,-0.00012069281035170119,-4.1399116079879125e-06,3.331876110569228e-05
basketball,-1.1707247568390575e-05,8.991604308119806e-06,0.0,3.4513283593840787e-05,6.924051921134791e-06,-1.0549537897929688e-06,2.114298332328632e-05,0.0,1.5448288450727986e-05,0.9999999999999998,-1.0250761629747107e-05,2.6349374688979795e-05,1.691723732684676e-05,5.709659271072062e-06,0.010596672099567616,0.014478287603432404,-2.6340465623235927e-05,1.710184278780748e-05,1.144963249166051e-05,4.1193233569296205e-06,1.3474977714001057e-05,-0.006901581623803106,1.9937480681988722e-05,-0.015307467657128851,-4.0138116648435326e-06,-5.534466532218125e-06,1.2221166444140116e-05,-4.741870902443578e-06,3.954400424401048e-06,-3.470256509488533e-05,-2.7263098762811832e-05,5.057129126544286e-05,-4.050641385788605e-06,1.8429121681664364e-05,0.011407839494709505,-6.15959524178891e-06,7.69154350293768e-06,5.68035093684016e-05,1.9484301270593287e-06,-1.5681319815947242e-05
bernie-sanders,-1.6505808392513542e-05,1.2677078620242187e-05,0.0,4.865957114757599e-05,9.762078886811524e-06,-1.4873577256790028e-06,2.980905883655465e-05,0.0,-0.0018171552220290037,-1.0250761629747107e-05,1.0,3.7149443311774415e-05,2.3851266167933975e-05,8.04993157992973e-06,9.432976592486015e-06,4.37985918421803e-05,-0.006546917857931214,2.4111537623632536e-05,1.6142602175963213e-05,5.807749570434613e-06,1.899809489304724e-05,3.083450253302956e-05,2.8109445370819256e-05,2.753760856258039e-05,-5.658990798350711e-06,-7.802930928206457e-06,-0.030132129302767256,-6.685466594991881e-06,5.5752281081552284e-06,0.0031632147078914027,-3.8437684155592095e-05,7.129942703552868e-05,-5.7109162670414755e-06,2.598284093189747e-05,-4.6231160672873435e-05,-8.684287083062155e-06,1.0844149537328914e-05,8.008610360205717e-05,2.7470517007147082e-06,-2.2108771400938758e-05
best-of-2025,4.2427845421431604e-05,-3.2586173261222565e-05,0.0,-5.653682394544746e-05,-2.509322561803999e-05,3.82322284197234e-06,-7.662358064506496e-05,0.0,-5.598562690199039e-05,2.6349374688979795e-05,3.7149443311774415e-05,0.9999999999999999,-6.130919552764784e-05,-2.0692185720587998e-05,-0.00015896325747976361,-0.00011258339126239682,9.545960288809049e-05,-6.197821802127383e-05,-4.149423121451686e-05,0.0003187854066592319,-4.8834217280114135e-05,0.09328806725723875,-7.225475873185843e-05,-0.00025603377363158714,1.4546320975267269e-05,2.0057275559200374e-05,-4.42903216774473e-05,1.7184856174091568e-05,-1.433101068041682e-05,0.00012576440866838583,9.880328687512013e-05,-0.000183273729887242,1.4679794338501084e-05,-6.678836518956825e-05,0.00011883626006296031,0.000273627697838752,-0.00022262865813786018,-0.00020585970364070223,-7.0612406342657e-06,5.683014810000439e-05
big-tech,0.007140514646874666,-2.0921484215120462e-05,0.0,-8.030481471125835e-05,0.006886904686116314,2.4546452784738746e-06,-4.9195068721968036e-05,0.0,-3.594476712911752e-05,1.691723732684676e-05,2.3851266167933975e-05,-6.130919552764784e-05,1.0,-1.3285120454596434e-05,-1.5567614337122736e-05,-7.228254831578798e-05,6.128846609250936e-05,-3.979222413195712e-05,-2.6640774797762484e-05,-9.584758807854836e-06,-5.6640043280934846e-05,-5.088739900972129e-05,-4.639012940113463e-05,-4.5446404500819604e-05,9.339256322995654e-06,-0.00178813500309453,-2.8435964494182818e-05,-0.0006917587815891752,-9.201019442620107e-06,8.074523110422052e-05,6.343523034107684e-05,-0.00011766826427101069,9.42495097758495e-06,-4.288050999011073e-05,7.629711286320251e-05,1.4332022429659527e-05,-1.7896528858737473e-05,-0.00013216926411465432,-4.5335680653481904e-06,3.6486979826871084e-05
bitcoin,9.193711191309511e-06,-7.061114294582659e-06,0.0,-2.710331013091608e-05,-5.4374636962846256e-06,8.284560830265132e-07,-1.6603602278110593e-05,0.0,-1.213155368811946e-05,5.709659271072062e-06,8.04993157992973e-06,-2.0692185720587998e-05,-1.3285120454596434e-05,1.0,-5.254154198532191e-06,-2.4395751750374816e-05,2.0685189423897557e-05,-1.3430091275663077e-05,-8.991405858638319e-06,-3.2349080367511552e-06,-1.0581911135656558e-05,-1.7174772920842514e-05,-1.5656920057571874e-05,-1.5338407789739223e-05,3.152049617752603e-06,4.346221141897882e-06,-9.597292109179698e-06,3.7237951387695237e-06,-3.1053939215299616e-06,2.7251953050124073e-05,2.1409733990945905e-05,-3.971367682710489e-05,3.1809720280490266e-06,-1.4472404487982228e-05,2.575068903975651e-05,4.837135234182666e-06,-6.0401754697937335e-06,-4.460784285418794e-05,-1.5301037891254465e-06,0.0015681519527078675
brazil,1.077326702774992e-05,-8.274272296144082e-06,0.0,0.007910536188051643,-6.371665058300989e-06,9.707917094071757e-07,-1.9456238861816775e-05,0.0,-1.4215855232338553e-05,0.010596672099567616,9.432976592486015e-06,-0.00015896325747976361,-1.5567614337122736e-05,-5.254154198532191e-06,0.9999999999999999,-0.005310586804443339,2.4239076532433812e-05,-1.5737492347654256e-05,-1.0536203960981878e-05,0.006327062881437906,0.01260238342085533,0.03594245466439441,-1.8346908783888065e-05,-0.12768010916293965,-0.0026044573578060627,5.092937982169521e-06,-1.124618649466144e-05,0.010377221660779914,-3.638926353769411e-06,3.193406461519634e-05,2.5088103865563348e-05,-0.023165571373838352,3.72748940584253e-06,-1.695888361492583e-05,3.0174870996177454e-05,0.004391768221683457,-0.047788466235219734,-0.04433933074036678,-1.792988310966898e-06,1.4430295826395746e-05
bundesliga,5.002174241915262e-05,-3.841857037772956e-05,0.0,-0.00014746545435935968,-2.9584506492455263e-05,4.507517794326707e-06,-9.033796027559823e-05,0.0,-6.600614714815673e-05,0.014478287603432404,4.37985918421803e-05,-0.00011258339126239682,-7.228254831578798e-05,-2.4395751750374816e-05,-0.005310586804443339,0.9999999999999999,0.00011254532535584743,-7.307131499758412e-05,-4.8921026393784756e-05,-1.760069825958949e-05,-5.757475105706682e-05,0.028964478162004793,-8.51871900150082e-05,-0.012814860165531421,-0.0010958038753035827,2.364720295567045e-05,-5.22175717528068e-05,2.0260667033926665e-05,-1.6896029429294283e-05,0.00014827420043180215,0.00011648747460874805,0.05457437586347407,1.7307239711861575e-05,-7.874240058443413e-05,0.000140106025462282,2.631820031062104e-05,-0.022517056902241386,-0.027648063450271886,-8.325088315432034e-06,6.700182395933257e-05
business,-4.241350001594432e-05,3.2575155452892094e-05,0.0,0.0001250361492491139,2.5084741272608978e-05,-3.8219301606834395e-06,7.65976732174459e-05,0.0,5.5966697434530605e-05,-2.6340465623235927e-05,-0.006546917857931214,9.545960288809049e-05,6.128846609250936e-05,2.0685189423897557e-05,2.4239076532433812e-05,0.00011254532535584743,1.0,6.195726238093771e-05,4.1480201476116616e-05,1.492365479111886e-05,4.881770579710988e-05,7.923266419774272e-05,7.223032845965854e-05,7.076093054235992e-05,-1.4541402675253419e-05,0.01122541987518609,-0.0709501427429818,-1.7179045751064195e-05,1.4326165179609113e-05,-0.0001257218860886906,-9.876988020081197e-05,0.00018321176265925657,-1.4674830909409627e-05,6.676578317601224e-05,-0.00011879607998027752,-2.2315236041571196e-05,2.7865241473602725e-05,0.0002057900998016921,7.058853137114249e-06,-5.681093308896006e-05
california-midterm,2.7537440671266703e-05,-2.1149785099179306e-05,0.0,-8.11811225297779e-05,-1.6286549666706854e-05,2.4814310304500436e-06,-0.005614235360555718,0.0,-3.633700613226441e-05,1.710184278780748e-05,2.4111537623632536e-05,-6.197821802127383e-05,-3.979222413195712e-05,-1.3430091275663077e-05,-1.5737492347654256e-05,-7.307131499758412e-05,6.195726238093771e-05,1.0,-2.6931486124732377e-05,-9.689350283620967e-06,-3.169544311574867e-05,-5.1442696046102604e-05,-4.689635101739336e-05,-4.5942327936181826e-05,-0.0023819037194619686,1.3018008108887271e-05,-2.874626541577653e-05,1.1153688164877633e-05,-9.301423450836278e-06,8.162634486532316e-05,6.412745270056587e-05,-0.0001189522921383666,9.527798587167662e-06,-4.334843369184077e-05,7.712968755717246e-05,1.4488417327717025e-05,-1.8091820613280944e-05,-0.00013361153080723427,-4.583039584032246e-06,3.6885135601361415e-05
celebrities,1.843623399881225e-05,-1.4159717737310733e-05,0.0,-5.435051823123426e-05,-1.0903796190542863e-05,1.6613106379561535e-06,-3.329535706014494e-05,0.0,-2.432751670236535e-05,1.144963249166051e-05,1.6142602175963213e-05,-4.149423121451686e-05,-2.6640774797762484e-05,-8.991405858638319e-06,-1.0536203960981878e-05,-4.8921026393784756e-05,4.1480201476116616e-05,-2.6931486124732377e-05,0.9999999999999998,-6.486990975588052e-06,-2.1220004173725286e-05,-3.444073082744094e-05,-3.139696645626259e-05,-3.075825086262872e-05,6.32083422238561e-06,8.715517413506917e-06,-1.9245538542374686e-05,7.46736079842116e-06,-6.22727512366627e-06,5.464859325053505e-05,4.293313739097852e-05,-7.963820308276989e-05,6.3788325989867905e-06,0.011586139452099527,5.163809465935654e-05,9.699951978651172e-06,-1.21124196788191e-05,-8.945251943736214e-05,-3.068331265991525e-06,2.46944877391655e-05
champions-league,6.632947335248594e-06,-5.094351809572908e-06,0.0,-1.9554108778095533e-05,-3.922943584400594e-06,5.977026528173124e-07,-1.1978929639450702e-05,0.0,-8.752499946277762e-06,4.1193233569296205e-06,5.807749570434613e-06,0.0003187854066592319,-9.584758807854836e-06,-3.2349080367511552e-06,0.006327062881437906,-1.760069825958949e-05,1.492365479111886e-05,-9.689350283620967e-06,-6.486990975588052e-06,1.0,-7.634485988143397e-06,-1.2391009670445199e-05,-1.1295930882866393e-05,0.006385427871982164,2.274095702767529e-06,3.135649504500412e-06,-6.924117127081907e-06,2.686590488731199e-06,-2.2404352179537938e-06,1.966134954674446e-05,1.5446388848703007e-05,0.006738751566869473,2.294962229931188e-06,-1.0441343521204587e-05,1.8578239047636206e-05,3.4898271866678124e-06,-4.357779459580137e-06,-3.21830288372085e-05,-1.1039174104502158e-06,8.884527971134765e-06
claude-5,0.017110185644058994,-1.6664454608980995e-05,0.0,-6.396467506216418e-05,-0.030269341687798202,1.9551827396031905e-06,-3.918503014764171e-05,0.0,-2.8630853054901567e-05,1.3474977714001057e-05,1.899809489304724e-05,-4.8834217280114135e-05,-5.6640043280934846e-05,-1.0581911135656558e-05,0.01260238342085533,-5.757475105706682e-05,4.881770579710988e-05,-3.169544311574867e-05,-2.1220004173725286e-05,-7.634485988143397e-06,1.0,-4.0533011054431885e-05,-3.6950829958386e-05,-3.6199130862710334e-05,7.438937480531994e-06,1.0257220308034362e-05,-2.2649915020532454e-05,0.1111006507147546,-7.328828551612347e-06,6.431547708529415e-05,5.0527654049757665e-05,0.01730923128583954,7.5071952899194586e-06,-3.415533549114516e-05,6.077244621039793e-05,1.1415793199858846e-05,-0.004713539947840078,-0.0004552113334590196,-3.6110936712181004e-06,2.9062738230793215e-05
climate-science,3.521564229479207e-05,-2.7046931323637203e-05,0.0,-0.00010381666932037955,-2.0827691074340662e-05,-0.012054528279201124,-6.359853017612045e-05,0.0,-4.646877047483682e-05,-0.006901581623803106,3.083450253302956e-05,0.09328806725723875,-5.088739900972129e-05,-1.7174772920842514e-05,0.03594245466439441,0.028964478162004793,7.923266419774272e-05,-5.1442696046102604e-05,-3.444073082744094e-05,-1.2391009670445199e-05,-4.0533011054431885e-05,1.0,-5.9972353352459706e-05,0.03439181532900561,0.0032508672348398365,1.66477895468192e-05,-3.67615208790783e-05,1.426364553521733e-05,-1.1894918085790032e-05,0.00010438603198183453,8.200796372248524e-05,-0.024034253955653805,0.003584819722773924,-5.543517835062397e-05,9.863558199715446e-05,0.006670161427890521,0.008887049915338672,0.0007473845787325882,-5.860918033045745e-06,-2.8411155210402717e-05
colombia-election,3.21033936650483e-05,-2.4656607891620646e-05,0.0,-9.464167588614793e-05,-1.8987004697979544e-05,2.892874402314802e-06,-5.7977890440593436e-05,0.0,-4.2362005474625655e-05,1.9937480681988722e-05,2.8109445370819256e-05,-7.225475873185843e-05,-4.639012940113463e-05,-1.5656920057571874e-05,-1.8346908783888065e-05,-8.51871900150082e-05,7.223032845965854e-05,-4.689635101739336e-05,-3.139696645626259e-05,-1.1295930882866393e-05,-3.6950829958386e-05,-5.9972353352459706e-05,1.0,-5.355997520724562e-05,1.100659870914037e-05,1.5176509830502707e-05,-3.351265232159363e-05,1.3003069030591194e-05,-1.0843682325170377e-05,9.516072005140577e-05,7.476035566846378e-05,-0.000138675641918412,1.1107592475879093e-05,-5.053599018824244e-05,8.991847690093316e-05,1.6890725997660944e-05,-2.109160565061673e-05,-0.00015576551295743275,-5.342948377269991e-06,4.300101969297385e-05
colorado-midterm,3.145030706284594e-05,-0.049166340802125036,0.0,-9.271635885654868e-05,-1.8600747764722376e-05,2.834024003703215e-06,-5.679843309518451e-05,0.0,-4.150022561089393e-05,-0.015307467657128851,2.753760856258039e-05,-0.00025603377363158714,-4.5446404500819604e-05,-1.5338407789739223e-05,-0.12768010916293965,-0.012814860165531421,7.076093054235992e-05,-4.5942327936181826e-05,-3.075825086262872e-05,0.006385427871982164,-3.6199130862710334e-05,0.03439181532900561,-5.355997520724562e-05,1.0,-0.0009052369669322775,1.48677706566343e-05,-3.28308968516307e-05,1.2738544654757898e-05,-1.0623086841746118e-05,9.322484398889411e-05,7.323948883511435e-05,0.021668355767973345,1.0881628208536323e-05,-4.950792510374447e-05,8.808924497713357e-05,1.6547114136383547e-05,0.20757815929108056,0.26535586431553754,-5.234255569342959e-06,4.2126240218393215e-05
comex-gold-futures,-6.4630520791056304e-06,4.963865894063215e-06,0.0,1.905325295163073e-05,3.822461932516225e-06,-5.823931923070473e-07,0.005779918152938288,0.0,8.528314807287069e-06,-4.0138116648435326e-06,-5.658990798350711e-06,1.4546320975267269e-05,9.339256322995654e-06,3.152049617752603e-06,-0.0026044573578060627,-0.0010958038753035827,-1.4541402675253419e-05,-0.0023819037194619686,6.32083422238561e-06,2.274095702767529e-06,7.438937480531994e-06,0.0032508672348398365,1.100659870914037e-05,-0.0009052369669322775,1.0,-3.055333477730611e-06,6.746763894285859e-06,-2.617776588037094e-06,2.183049067275079e-06,-1.9157746872315526e-05,-1.5050747505979171e-05,0.0006844125449837166,-2.236179433055988e-06,1.0173900611987358e-05,0.0247019873403663,-3.400439309182288e-06,4.246159990876362e-06,4.9089957713774656e-05,1.0756418457982843e-06,-0.007803024242219407
comex-silver-futures,-8.91161529602457e-06,6.844454088798605e-06,0.0,2.6271683774872247e-05,5.2706228898292e-06,-8.030360915148174e-07,1.6094144459381562e-05,0.0,1.1759314292338075e-05,-5.534466532218125e-06,-7.802930928206457e-06,2.0057275559200374e-05,-0.00178813500309453,4.346221141897882e-06,5.092937982169521e-06,2.364720295567045e-05,0.01122541987518609,1.3018008108887271e-05,8.715517413506917e-06,3.135649504500412e-06,1.0257220308034362e-05,1.66477895468192e-05,1.5176509830502707e-05,1.48677706566343e-05,-3.055333477730611e-06,1.0,9.30281290992069e-06,-3.609535804137016e-06,0.03453389383863288,-2.6415765798432785e-05,-2.0752806885856193e-05,3.8495119382084205e-05,-3.0833684451817794e-06,1.4028339429161997e-05,-2.4960565929764045e-05,-4.68871464905579e-06,5.854841313502198e-06,4.323911491562973e-05,1.483154740010561e-06,-1.1936698930923246e-05
commodities,1.967856037883077e-05,-1.5113870894610616e-05,0.0,-5.801293011919142e-05,-1.163854894160622e-05,1.7732581230596748e-06,-3.5538966053752914e-05,0.0,-2.5966827407670328e-05,1.2221166444140116e-05,-0.030132129302767256,-4.42903216774473e-05,-2.8435964494182818e-05,-9.597292109179698e-06,-1.124618649466144e-05,-5.22175717528068e-05,-0.0709501427429818,-2.874626541577653e-05,-1.9245538542374686e-05,-6.924117127081907e-06,-2.2649915020532454e-05,-3.67615208790783e-05,-3.351265232159363e-05,-3.28308968516307e-05,6.746763894285859e-06,9.30281290992069e-06,1.0,7.97054921041574e-06,-6.6469003118841895e-06,0.0066558286031346975,4.5826188605301087e-05,-8.500462664592814e-05,6.808670493862048e-06,-3.0977271269175856e-05,5.511772977428394e-05,1.0353583638391599e-05,-1.2928615572939407e-05,-9.548028110839802e-05,-3.275090893507065e-06,2.6358526802752755e-05
congress,-0.06797340137138272,5.864254033854908e-06,0.0,2.250929373682067e-05,-0.0014126292861630658,-6.880326141283491e-07,1.3789288428689213e-05,0.0,1.0075252953637013e-05,-4.741870902443578e-06,-6.685466594991881e-06,1.7184856174091568e-05,-0.0006917587815891752,3.7237951387695237e-06,0.010377221660779914,2.0260667033926665e-05,-1.7179045751064195e-05,1.1153688164877633e-05,7.46736079842116e-06,2.686590488731199e-06,0.1111006507147546,1.426364553521733e-05,1.3003069030591194e-05,1.2738544654757898e-05,-2.617776588037094e-06,-3.609535804137016e-06,7.97054921041574e-06,1.0,2.57902904149392e-06,-2.26327416520109e-05,-1.778077987159561e-05,0.010182383958830235,-2.641796644104488e-06,1.2019329082851885e-05,-2.1385942186457023e-05,-4.0172398612948275e-06,-0.0053749343894893865,0.0005074475640727265,1.2707508961412488e-06,-1.0227234188205766e-05
connecticut-primary,6.3673879141830635e-06,-4.890392234911674e-06,0.0,-1.8771232396893125e-05,-3.7658829936128383e-06,5.737727823648574e-07,-1.149933626123758e-05,0.0,-8.402081240818326e-06,3.954400424401048e-06,5.5752281081552284e-06,-1.433101068041682e-05,-9.201019442620107e-06,-3.1053939215299616e-06,-3.638926353769411e-06,-1.6896029429294283e-05,1.4326165179609113e-05,-9.301423450836278e-06,-6.22727512366627e-06,-2.2404352179537938e-06,-7.328828551612347e-06,-1.1894918085790032e-05,-1.0843682325170377e-05,-1.0623086841746118e-05,2.183049067275079e-06,0.03453389383863288,-6.6469003118841895e-06,2.57902904149392e-06,0.9999999999999998,1.8874179629802575e-05,1.4827970840405618e-05,-2.7504930337140943e-05,2.203080173532822e-06,-1.0023309576340178e-05,1.7834432990306853e-05,3.3501070229967517e-06,-4.183309599964904e-06,-3.0894535792694214e-05,-1.059720516730593e-06,8.528823337100556e-06
crypto-prices,-5.5878178702617505e-05,4.2916532636493776e-05,0.0,0.00016473038748046487,3.304819585775172e-05,-5.035248126825592e-06,0.00010091453123746289,0.0,0.009442014182120451,-3.470256509488533e-05,0.0031632147078914027,0.00012576440866838583,8.074523110422052e-05,2.7251953050124073e-05,3.193406461519634e-05,0.00014827420043180215,-0.0001257218860886906,8.162634486532316e-05,5.464859325053505e-05,1.966134954674446e-05,6.431547708529415e-05,0.00010438603198183453,9.516072005140577e-05,9.322484398889411e-05,-1.9157746872315526e-05,-2.6415765798432785e-05,0.0066558286031346975,-2.26327416520109e-05,1.8874179629802575e-05,1.0,-0.00013012557356082533,0.00024137455315987601,0.00032497204672587423,8.796138875893258e-05,-0.00015650933273162707,-2.9399477686429794e-05,3.671139948526833e-05,0.00027112065657457283,9.299771461510351e-06,-7.484625108076087e-05
delaware-midterm,-4.3899126778956895e-05,3.3716172410508186e-05,0.0,0.00012941581726988072,2.596338988599312e-05,-3.9558017282465076e-06,7.92806763479046e-05,0.0,5.792705495076952e-05,-2.7263098762811832e-05,-3.8437684155592095e-05,9.880328687512013e-05,6.343523034107684e-05,2.1409733990945905e-05,2.5088103865563348e-05,0.00011648747460874805,-9.876988020081197e-05,6.412745270056587e-05,4.293313739097852e-05,1.5446388848703007e-05,5.0527654049757665e-05,8.200796372248524e-05,7.476035566846378e-05,7.323948883511435e-05,-1.5050747505979171e-05,-2.0752806885856193e-05,4.5826188605301087e-05,-1.778077987159561e-05,1.4827970840405618e-05,-0.00013012557356082533,1.0,0.0001896291603699579,0.05954447413380926,6.910440258498691e-05,-0.00012295717575622908,-2.3096876601159574e-05,2.8841283263966933e-05,0.0002129983537706795,7.306105100112795e-06,-5.880086182855705e-05
democratic-primary,8.143005114537777e-05,-6.254132702088567e-05,0.0,-0.00024005800097961892,-4.8160415057216576e-05,7.337757278727443e-06,-0.00014706054547181482,0.0,-0.00010745095389011662,5.057129126544286e-05,7.129942703552868e-05,-0.000183273729887242,-0.00011766826427101069,-3.971367682710489e-05,-0.023165571373838352,0.05457437586347407,0.00018321176265925657,-0.0001189522921383666,-7.963820308276989e-05,0.006738751566869473,0.01730923128583954,-0.024034253955653805,-0.000138675641918412,0.021668355767973345,0.0006844125449837166,3.8495119382084205e-05,-8.500462664592814e-05,0.010182383958830235,-2.7504930337140943e-05,0.00024137455315987601,0.0001896291603699579,1.0,2.8174336733677314e-05,-0.000128184213440063,0.00022807763719164266,4.284321764304891e-05,-0.002112320947501614,-0.017513670707975364,-1.3552354127029164e-05,0.0026607783342013536
economic-policy,-6.522355410801433e-06,5.009413072394147e-06,0.0,1.9228080783102727e-05,3.857535876700382e-06,0.005853504276410902,1.1779203512483133e-05,0.0,8.606568467576318e-06,-4.050641385788605e-06,-5.7109162670414755e-06,1.4679794338501084e-05,9.42495097758495e-06,3.1809720280490266e-06,3.72748940584253e-06,1.7307239711861575e-05,-1.4674830909409627e-05,9.527798587167662e-06,6.3788325989867905e-06,2.294962229931188e-06,7.5071952899194586e-06,0.003584819722773924,1.1107592475879093e-05,1.0881628208536323e-05,-2.236179433055988e-06,-3.0833684451817794e-06,6.808670493862048e-06,-2.641796644104488e-06,2.203080173532822e-06,0.00032497204672587423,0.05954447413380926,2.8174336733677314e-05,1.0,-0.003742985438412712,-1.8268481845401966e-05,-3.431640880482556e-06,4.2851216813113e-06,3.282761998426226e-05,1.0855116633992933e-06,-8.736395173378738e-06
elon-musk,2.967462929165464e-05,-2.279122594973786e-05,0.0,-8.748161259100524e-05,-1.7550553429025683e-05,0.002756205117907182,-5.3591605419889205e-05,0.0,-3.915713153650608e-05,1.8429121681664364e-05,2.598284093189747e-05,-6.678836518956825e-05,-4.288050999011073e-05,-1.4472404487982228e-05,-1.695888361492583e-05,-7.874240058443413e-05,6.676578317601224e-05,-4.334843369184077e-05,0.011586139452099527,-1.0441343521204587e-05,-3.415533549114516e-05,-5.543517835062397e-05,-5.053599018824244e-05,-4.950792510374447e-05,1.0173900611987358e-05,1.4028339429161997e-05,-3.0977271269175856e-05,1.2019329082851885e-05,-1.0023309576340178e-05,8.796138875893258e-05,6.910440258498691e-05,-0.000128184213440063,-0.003742985438412712,0.9999999999999999,8.31157445952615e-05,1.5612867526625236e-05,-1.9495931968377938e-05,-0.0001439811598008219,-4.938730592602613e-06,-0.0014561155568437554
epstein,-5.279994432811511e-05,4.05523334255786e-05,0.0,0.003583127767513655,3.122762663258344e-05,-4.757864822145126e-06,9.535532035847114e-05,0.0,6.967212108552018e-05,0.011407839494709505,-4.6231160672873435e-05,0.00011883626006296031,7.629711286320251e-05,2.575068903975651e-05,3.0174870996177454e-05,0.000140106025462282,-0.00011879607998027752,7.712968755717246e-05,5.163809465935654e-05,1.8578239047636206e-05,6.077244621039793e-05,9.863558199715446e-05,8.991847690093316e-05,8.808924497713357e-05,0.0247019873403663,-2.4960565929764045e-05,5.511772977428394e-05,-2.1385942186457023e-05,1.7834432990306853e-05,-0.00015650933273162707,-0.00012295717575622908,0.00022807763719164266,-1.8268481845401966e-05,8.31157445952615e-05,0.9999999999999998,-2.777991017532325e-05,0.0029512300959789227,0.00025618507806999657,8.787462777649085e-06,-7.072309767403311e-05
extended,-9.918199496644912e-06,7.617548429026421e-06,0.0,2.923912131936242e-05,5.8659499491891304e-06,-8.937405727334084e-07,1.7912009234413344e-05,0.0,1.3087551607751892e-05,-6.15959524178891e-06,-8.684287083062155e-06,0.000273627697838752,1.4332022429659527e-05,4.837135234182666e-06,0.004391768221683457,2.631820031062104e-05,-2.2315236041571196e-05,1.4488417327717025e-05,9.699951978651172e-06,3.4898271866678124e-06,1.1415793199858846e-05,0.006670161427890521,1.6890725997660944e-05,1.6547114136383547e-05,-3.400439309182288e-06,-4.68871464905579e-06,1.0353583638391599e-05,-4.0172398612948275e-06,3.3501070229967517e-06,-2.9399477686429794e-05,-2.3096876601159574e-05,4.284321764304891e-05,-3.431640880482556e-06,1.5612867526625236e-05,-2.777991017532325e-05,1.0,6.516156974866671e-06,4.8123056656496375e-05,1.6506799392905112e-06,-1.3284972184682243e-05
fdv,1.2384947371495531e-05,-9.512103121663899e-06,0.0,-0.007556687883099267,-7.324865912317403e-06,1.1160221127653347e-06,-2.2366891466645443e-05,0.0,-1.6342546642521407e-05,7.69154350293768e-06,1.0844149537328914e-05,-0.00022262865813786018,-1.7896528858737473e-05,-6.0401754697937335e-06,-0.047788466235219734,-0.022517056902241386,2.7865241473602725e-05,-1.8091820613280944e-05,-1.21124196788191e-05,-4.357779459580137e-06,-0.004713539947840078,0.008887049915338672,-2.109160565061673e-05,0.20757815929108056,4.246159990876362e-06,5.854841313502198e-06,-1.2928615572939407e-05,-0.0053749343894893865,-4.183309599964904e-06,3.671139948526833e-05,2.8841283263966933e-05,-0.002112320947501614,4.2851216813113e-06,-1.9495931968377938e-05,0.0029512300959789227,6.516156974866671e-06,1.0,0.09139295401286018,-2.061219295115896e-06,1.6589067541416304e-05
felix,9.146518819990403e-05,-7.024868787106947e-05,0.0,-0.0002696418573935696,-5.4095525730775276e-05,-0.00016517012728107944,-0.00042979830861230147,0.0,-0.00012069281035170119,5.68035093684016e-05,8.008610360205717e-05,-0.00020585970364070223,-0.00013216926411465432,-4.460784285418794e-05,-0.04433933074036678,-0.027648063450271886,0.0002057900998016921,-0.00013361153080723427,-8.945251943736214e-05,-3.21830288372085e-05,-0.0004552113334590196,0.0007473845787325882,-0.00015576551295743275,0.26535586431553754,4.9089957713774656e-05,4.323911491562973e-05,-9.548028110839802e-05,0.0005074475640727265,-3.0894535792694214e-05,0.00027112065657457283,0.0002129983537706795,-0.017513670707975364,3.282761998426226e-05,-0.0001439811598008219,0.00025618507806999657,4.8123056656496375e-05,0.09139295401286018,0.9999999999999998,-1.522249591329999e-05,0.0002463174492440785
fifa-world-cup,3.1373682761399734e-06,-2.409616260620551e-06,0.0,-9.249046833611258e-06,-1.8555429628366962e-06,2.827119298155764e-07,-5.666005160814978e-06,0.0,-4.1399116079879125e-06,1.9484301270593287e-06,2.7470517007147082e-06,-7.0612406342657e-06,-4.5335680653481904e-06,-1.5301037891254465e-06,-1.792988310966898e-06,-8.325088315432034e-06,7.058853137114249e-06,-4.583039584032246e-06,-3.068331265991525e-06,-1.1039174104502158e-06,-3.6110936712181004e-06,-5.860918033045745e-06,-5.342948377269991e-06,-5.234255569342959e-06,1.0756418457982843e-06,1.483154740010561e-06,-3.275090893507065e-06,1.2707508961412488e-06,-1.059720516730593e-06,9.299771461510351e-06,7.306105100112795e-06,-1.3552354127029164e-05,1.0855116633992933e-06,-4.938730592602613e-06,8.787462777649085e-06,1.6506799392905112e-06,-2.061219295115896e-06,-1.522249591329999e-05,1.0,4.2023605489809e-06
foreign-policy,-2.525011014524499e-05,1.939302964562541e-05,0.0,-0.001581122720383198,1.4933747034794048e-05,-2.275316997850741e-06,0.0006098818427109096,0.0,3.331876110569228e-05,-1.5681319815947242e-05,-2.2108771400938758e-05,5.683014810000439e-05,3.6486979826871084e-05,0.0015681519527078675,1.4430295826395746e-05,6.700182395933257e-05,-5.681093308896006e-05,3.6885135601361415e-05,2.46944877391655e-05,8.884527971134765e-06,2.9062738230793215e-05,-2.8411155210402717e-05,4.300101969297385e-05,4.2126240218393215e-05,-0.007803024242219407,-1.1936698930923246e-05,2.6358526802752755e-05,-1.0227234188205766e-05,8.528823337100556e-06,-7.484625108076087e-05,-5.880086182855705e-05,0.0026607783342013536,-8.736395173378738e-06,-0.0014561155568437554,-7.072309767403311e-05,-1.3284972184682243e-05,1.6589067541416304e-05,0.0002463174492440785,4.2023605489809e-06,1.0
