category,2025-predictions,2026-fifa-world-cup,2026-nfl-draft,abraham-accords,acquisitions,airdrops,anthropic,awards,base,basketball,bernie-sanders,best-of-2025,big-tech,bitcoin,brazil,bundesliga,business,california-midterm,celebrities,champions-league,claude-5,climate-science,colombia-election,colorado-midterm,comex-gold-futures,comex-silver-futures,commodities,congress,connecticut-primary,crypto-prices,delaware-midterm,democratic-primary,economic-policy,epstein,extended,fdv,fifa-world-cup,foreign-policy,formula1,france
2025-predictions,2.9112161957360915e-05,6.371459331168959e-10,0.0,2.6886588597652176e-09,3.7527227889306816e-10,1.6560810137342724e-09,7.689967722467204e-11,6.852080607518891e-09,2.2201720204707658e-10,2.0133523475750743e-09,-5.7207285257664633e-11,-1.8060786237063754e-09,1.1247395892207073e-06,3.792485599782196e-10,3.92087653880348e-11,1.939565070428106e-10,-2.004534931340382e-09,2.9336311769180365e-09,-4.7396813546191806e-08,3.215817143602331e-11,-1.4019196998789553e-09,-1.243127119505186e-10,3.185729665584553e-09,2.108288766478321e-09,4.569127014381446e-07,-1.1919629545935862e-09,1.1372494804317129e-10,1.377160630527246e-09,-5.975470503963775e-11,-1.0048077579868392e-09,-5.354635526819027e-10,4.902627750459799e-10,-2.3622037756082387e-09,-1.1899668408572325e-09,2.3164070763158917e-10,5.5944840919923035e-08,-3.8907582109656527e-10,-6.958308931620355e-10,8.343577695578361e-10,3.743404745030726e-09
2026-fifa-world-cup,6.371459331168959e-10,6.013105559326709e-05,0.0,-2.9695188648713723e-09,-4.144735980872827e-10,-1.8290768998744132e-09,-8.493269474920859e-11,-7.56785583033165e-09,-2.452093419774052e-10,-2.2236691561083175e-09,6.318321573737656e-11,-2.43761025131678e-10,-4.167200429056443e-09,-4.1886524548859743e-10,-4.3304552403591256e-11,-2.1421739858750717e-10,2.21393066371727e-09,-3.240081236335702e-09,2.2518479412233467e-10,-3.551744632539947e-11,1.548365639882333e-09,1.3729854270642424e-10,-3.5185141863479297e-09,-4.4237814121482035e-06,6.618668027455287e-10,1.3164766020938985e-09,-1.256047703464433e-10,-1.5210202132769995e-09,6.59967415484909e-11,1.1097709856622566e-09,5.91398613239778e-10,-5.4147611697023e-10,2.608961954716699e-09,1.314271972311691e-09,-2.558381286215904e-10,-2.6887742691109856e-10,4.2971907217431645e-10,7.685180871869176e-10,-9.21515620233974e-10,-4.134444564748044e-09
2026-nfl-draft,0.0,0.0,0.0,0.0,0.0,0.0,0.0,0.0,0.0,0.0,0.0,0.0,0.0,0.0,0.0,0.0,0.0,0.0,0.0,0.0,0.0,0.0,0.0,0.0,0.0,0.0,0.0,0.0,0.0,0.0,0.0,0.0,0.0,0.0,0.0,0.0,0.0,0.0,0.0,0.0
abraham-accords,2.6886588597652176e-09,-2.9695188648713723e-09,0.0,6.833131621819694e-05,-1.7490154981994286e-09,1.5073833590118395e-06,-3.5840304450205195e-10,-3.193519972435131e-08,-1.0347461005982799e-09,-9.383545381055756e-09,2.666235534921548e-10,-1.028634423953041e-09,-1.7584951534085652e-08,-1.7675475817940354e-09,-1.8273861989282667e-10,-9.039648166796211e-10,9.342450425430566e-09,-1.3672649654713594e-08,9.502455565236095e-10,-1.4987821749383936e-10,6.5338673284159196e-09,5.793789524395882e-10,-1.484759432435767e-08,-9.826011497911283e-09,2.792977166911937e-09,5.5553308840535836e-09,4.03085096848868e-08,-6.107650719581904e-06,2.7849620417722425e-10,4.683064644726647e-09,2.495612132940214e-09,-2.2849467972295648e-09,1.100942234697127e-08,7.896663253700634e-08,-1.0795979624622438e-09,-1.1346218165733204e-09,8.143134828761449e-08,-4.912527225993909e-08,-3.888655656379373e-09,-1.744672677237126e-08
acquisitions,3.7527227889306816e-10,-4.144735980872827e-10,0.0,-1.7490154981994286e-09,3.517772998920963e-05,-1.0773071298260356e-09,-5.0024467322802024e-11,-4.457387791662384e-09,-1.444257332375451e-10,-1.3097178343974056e-09,3.721425206554254e-11,-4.090567363485694e-08,1.1882998102935302e-06,-2.467072409214738e-10,-2.5505927641155598e-11,-1.2617180329978166e-10,1.3039819644143235e-09,-1.908373900167666e-09,1.3263148435861158e-10,-2.0919403750711466e-11,9.11971138850091e-10,8.086740310508298e-11,-2.0723679904364845e-09,-1.3714754900412596e-09,3.89832612090763e-10,7.753909252160571e-10,-7.397989370687081e-11,-8.958649690919757e-10,3.887138928951949e-11,6.53643482901196e-10,3.4832758680415295e-10,-3.189237595656004e-10,1.536651255862486e-09,7.740924213734015e-10,-1.5068597720758617e-10,-1.5836598728052575e-10,2.531000311181267e-10,4.5264910118518134e-10,-5.427630451143298e-10,-2.435144529887923e-09
airdrops,1.6560810137342724e-09,-1.8290768998744132e-09,0.0,1.5073833590118395e-06,-1.0773071298260356e-09,8.025140934889583e-05,-2.2075856708583454e-10,-1.9670505144683308e-08,-6.373524722232789e-10,-5.779800323361492e-09,1.6422693535446784e-10,-6.335879813814776e-10,-1.0831461290547945e-08,-1.088721977669057e-09,-1.1255796092589942e-10,-5.567976630987069e-10,5.754487861156e-09,-8.421676635684655e-09,5.853043121586126e-10,-9.23175766470071e-11,-3.0776459922309126e-06,3.568688081820405e-10,-9.145384499371997e-09,-6.052337589546767e-09,-1.2003902284762424e-07,3.4218093413665137e-09,-3.2647414759068844e-10,-6.093047482477933e-06,1.7153990156089814e-10,2.8845364357228462e-09,1.5371737682511638e-09,-1.4074143302119062e-09,6.781260201449569e-09,3.4160790285216877e-09,-2.0457374959997867e-07,1.0862276639724834e-07,1.1169334365614282e-09,1.9975458474254457e-09,-2.395219749835652e-09,-1.0746321666876235e-08
anthropic,7.689967722467204e-11,-8.493269474920859e-11,0.0,-3.5840304450205195e-10,-5.0024467322802024e-11,-2.2075856708583454e-10,1.2368332703014363e-07,2.5117473552605835e-07,-2.9595290922272645e-11,-2.683834761726814e-10,7.625833649211076e-12,-2.942048780077883e-11,-5.029559968425372e-10,-5.055451271757191e-11,-5.226598694439788e-12,-2.5854749989068775e-11,2.672080987864167e-10,-3.910582934070489e-10,2.7178448584297216e-11,-4.286741884873877e-12,1.8687840845226838e-10,1.6571107290742747e-11,-4.2466347374605786e-10,-2.810386709533287e-10,7.988333731939586e-11,1.5889079803054611e-10,-1.5159739386971538e-11,-1.8357798013558576e-10,7.965409271519978e-12,1.3394267491161237e-10,7.137825120656698e-11,-6.535290654086442e-11,3.148859967255723e-10,1.5862471249214398e-10,-3.087812146350743e-11,-3.245188624420164e-11,5.186450423662939e-11,2.5564234987509364e-10,-1.1122138598110757e-10,-4.990025612768121e-10
awards,6.852080607518891e-09,-7.56785583033165e-09,0.0,-3.193519972435131e-08,-4.457387791662384e-09,-1.9670505144683308e-08,2.5117473552605835e-07,0.0006686359412493711,-2.637063331356954e-09,-2.3914082332080095e-08,6.794934484737685e-10,-2.621487647268876e-09,-4.4815468110886954e-08,-4.5046170376315025e-09,-4.657116499046591e-10,-2.3037655996233702e-09,2.38093513255839e-08,-3.484491802007276e-08,2.4217126418204807e-09,-3.8196650491720756e-10,1.6651642305059575e-08,1.4765544799396244e-09,-3.7839279151658104e-08,-2.5041712744461398e-08,7.117937113193363e-09,1.4157829983048681e-08,-1.3507957382579413e-09,-1.635756043525888e-08,7.097510466897832e-10,1.1934848602804682e-08,6.3600986186477426e-09,-5.8232153854860866e-09,2.8057650039786646e-08,1.4134120656515318e-08,-2.751368860217301e-09,-2.891597838071711e-09,4.621342722415818e-09,-1.5727931625759373e-07,-9.91028739686263e-09,-4.4463200583238125e-08
base,2.2201720204707658e-10,-2.452093419774052e-10,0.0,-1.0347461005982799e-09,-1.444257332375451e-10,-6.373524722232789e-10,-2.9595290922272645e-11,-2.637063331356954e-09,1.305780579631495e-06,-7.748504363865792e-10,2.2016558601769093e-11,-8.493994539541458e-11,-1.4520851998575314e-09,-1.4595602828885947e-10,-2.12527475845934e-07,-7.464529708530095e-11,7.714570021347619e-10,-1.1290251308321189e-09,7.846694977713173e-11,-1.2376260519233038e-11,5.395370028194476e-10,4.7842474874938034e-11,-1.2260467098870538e-09,-8.113872729242771e-10,2.3063133269101523e-10,4.5873392038697305e-10,-4.37677119583321e-11,-5.300083300489813e-10,2.2996948016510228e-11,3.413253043913783e-08,2.0607628265584017e-10,-1.886804987939704e-10,9.091079505127335e-10,4.579657043310255e-10,-8.914828227132535e-11,-9.369190151523522e-11,1.4973810725540914e-10,2.6779459237089034e-10,-3.2110747163708245e-10,-1.4406712286361982e-09
basketball,2.0133523475750743e-09,-2.2236691561083175e-09,0.0,-9.383545381055756e-09,-1.3097178343974056e-09,-5.779800323361492e-09,-2.683834761726814e-10,-2.3914082332080095e-08,-7.748504363865792e-10,0.0006513576196091527,1.9965610564261517e-10,-7.702738206226923e-10,-1.3168164984767175e-08,-1.3235952416686722e-09,6.912669918562669e-09,-6.769172962114441e-10,6.995920820459311e-09,-1.0238510244580576e-08,7.115737703393897e-10,-1.1223352488385456e-10,4.892765430850862e-09,4.338571886102658e-10,-1.1118345780542181e-08,-7.358026565834413e-09,2.0914691781377378e-09,4.1600065535806714e-09,-3.9690539654945574e-10,-4.806355118880398e-09,2.0854672002528542e-10,1.2102216703744352e-07,6.563974802055e-08,-1.7110400531393313e-09,-1.847465517294095e-05,4.153040023125225e-09,-1.8610318239098067e-07,-8.496405149023742e-10,1.3578928433672339e-09,2.4284824159865543e-09,-2.9119477044276424e-09,-1.3064657934224313e-08
bernie-sanders,-5.7207285257664633e-11,6.318321573737656e-11,0.0,2.666235534921548e-10,3.721425206554254e-11,1.6422693535446784e-10,7.625833649211076e-12,6.794934484737685e-10,2.2016558601769093e-11,1.9965610564261517e-10,2.4106826500724654e-05,1.1810385352872774e-08,1.7513748647232992e-06,9.60165119189047e-08,3.888176559786661e-12,-9.26626512709351e-08,-3.4304315127819487e-07,2.909164791153595e-10,-9.508163668146169e-08,3.188997336326801e-12,-1.3902277365340994e-10,-1.2327594809627662e-11,3.1591607868688903e-10,2.0907057087758033e-10,-5.942689267749676e-11,-1.1820220234727894e-10,1.1277648578533421e-11,1.365675156991616e-10,-5.925635280086663e-12,-9.964276949377442e-11,-5.3099780458599464e-11,4.8617399992174523e-11,-2.3425030752336286e-10,-1.180042557258134e-10,2.297088318879181e-11,2.4141639867973286e-11,-3.8583094177931183e-11,-6.900276868172694e-11,8.273992537034831e-11,3.7121848748287697e-10
best-of-2025,-1.8060786237063754e-09,-2.43761025131678e-10,0.0,-1.028634423953041e-09,-4.090567363485694e-08,-6.335879813814776e-10,-2.942048780077883e-11,-2.621487647268876e-09,-8.493994539541458e-11,-7.702738206226923e-10,1.1810385352872774e-08,2.8312031987773997e-06,1.9453730611208143e-07,-1.450939462294927e-10,-1.500059617170971e-11,1.2119498651901809e-08,7.669004295223834e-10,-1.1223565997596521e-09,7.800348862071618e-11,-1.2303160748835223e-11,5.363502542079452e-10,4.7559895664276315e-11,7.470768982716647e-08,-8.065948541431398e-10,2.2926912013582325e-10,4.560244311838057e-10,-4.350920013321694e-11,-5.26877862071722e-10,5.885407906779453e-10,3.844220867092762e-10,2.048591032887312e-10,-1.8756606676351962e-10,9.037383493846125e-10,4.552607525579783e-10,-8.862173235301391e-11,-9.313851493469067e-11,1.488536865337657e-10,2.662128768611977e-10,-1.0380552776312997e-07,-1.4321619753068935e-09
big-tech,1.1247395892207073e-06,-4.167200429056443e-09,0.0,-1.7584951534085652e-08,1.1882998102935302e-06,-1.0831461290547945e-08,-5.029559968425372e-10,-4.4815468110886954e-08,-1.4520851998575314e-09,-1.3168164984767175e-08,1.7513748647232992e-06,1.9453730611208143e-07,0.0006526651316274519,-2.4804439292721767e-09,-2.564416964077656e-10,-1.69610947048509e-08,1.3110495401071489e-08,-1.9187172771144156e-08,-2.0175316001551278e-06,-2.103278681389708e-10,9.169140178387446e-09,8.130570402343822e-10,-2.0836002145283534e-08,-1.3789088803038258e-08,3.919455028888868e-09,7.795935401333513e-09,-7.438086435890629e-10,-9.007205527214881e-09,3.9082072024090783e-10,6.5718622729306145e-09,3.5021552057380567e-09,-3.2065232473943525e-09,1.544979897945492e-08,7.782879984063855e-09,-1.5150269444664712e-09,-1.5922433013557535e-09,2.544718320146122e-09,4.551024570384607e-09,-5.457048180907369e-09,-2.4483430010000445e-08
bitcoin,3.792485599782196e-10,-4.1886524548859743e-10,0.0,-1.7675475817940354e-09,-2.467072409214738e-10,-1.088721977669057e-09,-5.055451271757191e-11,-4.5046170376315025e-09,-1.4595602828885947e-10,-1.3235952416686722e-09,9.60165119189047e-08,-1.450939462294927e-10,-2.4804439292721767e-09,1.826515985276863e-05,-2.5776181383171327e-11,-1.1761102821824818e-08,1.3177985959965886e-09,-1.9285945012338363e-09,1.3403681081680298e-10,-2.1141059956414366e-11,9.21634132344666e-10,8.172425170131046e-11,-2.0943262274429867e-09,-1.386007264319804e-09,3.939631704320987e-10,4.732514754795738e-08,-7.476376416193854e-11,-9.053573060745663e-10,3.928325975979147e-11,6.605693081318036e-10,3.520183693978924e-10,-3.223029873532587e-10,1.5529331867879672e-09,7.822944901816117e-10,-1.5228260406937904e-10,-1.600439894010622e-10,2.557818089178486e-10,1.98327865664959e-08,-5.485140119493827e-10,-2.4609466465868212e-09
brazil,3.92087653880348e-11,-4.3304552403591256e-11,0.0,-1.8273861989282667e-10,-2.5505927641155598e-11,-1.1255796092589942e-10,-5.226598694439788e-12,-4.657116499046591e-10,-2.12527475845934e-07,6.912669918562669e-09,3.888176559786661e-12,-1.500059617170971e-11,-2.564416964077656e-10,-2.5776181383171327e-11,1.3359930978617846e-05,-1.3182536820358399e-11,1.3624113953679773e-10,-1.807824038619248e-07,1.3857449765868965e-11,-2.1856770133375623e-12,9.528351662242741e-11,8.449094735266472e-12,-2.165227620179229e-10,-1.432929202313685e-10,4.0730041326696795e-11,-1.424304319518632e-08,-8.477199320805743e-08,-9.360073037131432e-11,4.061315659806891e-12,-1.5114949548025658e-07,3.6393561148383934e-11,-3.332142438649303e-11,6.971427791246818e-10,8.087783149827132e-11,-1.5743798462888552e-11,-1.654621241687072e-11,2.6444105514775158e-11,4.72931612850066e-11,-5.670834243329235e-11,-2.544259619707703e-10
bundesliga,1.939565070428106e-10,-2.1421739858750717e-10,0.0,-9.039648166796211e-10,-1.2617180329978166e-10,-5.567976630987069e-10,-2.5854749989068775e-11,-2.3037655996233702e-09,-7.464529708530095e-11,-6.769172962114441e-10,-9.26626512709351e-08,1.2119498651901809e-08,-1.69610947048509e-08,-1.1761102821824818e-08,-1.3182536820358399e-11,7.86242405820241e-06,6.739527572104038e-10,-9.863279454053777e-10,6.854953290442857e-11,-1.0812028250195184e-11,4.71345064807273e-10,4.179567722441317e-11,-1.0710869929376245e-09,-7.088362517153678e-10,2.0148190001012192e-10,4.007546624312713e-10,-3.8235922507005693e-11,-4.630207184490967e-10,2.0090369884861266e-11,3.378304605092733e-10,1.800303562055416e-10,-1.6483322083039523e-10,7.942060389037275e-10,4.000835409979347e-10,-7.788085463100193e-11,-8.185020704944581e-11,1.308127477811484e-10,2.339481052022171e-10,-2.805227838646024e-10,-1.2585851759545532e-09
business,-2.004534931340382e-09,2.21393066371727e-09,0.0,9.342450425430566e-09,1.3039819644143235e-09,5.754487861156e-09,2.672080987864167e-10,2.38093513255839e-08,7.714570021347619e-10,6.995920820459311e-09,-3.4304315127819487e-07,7.669004295223834e-10,1.3110495401071489e-08,1.3177985959965886e-09,1.3624113953679773e-10,6.739527572104038e-10,4.605942771424452e-05,1.0193670995972222e-08,-7.084574543491493e-10,1.1174200152699531e-10,4.6253666496813074e-07,-4.3195712406222037e-10,1.106965331858617e-08,7.3258023091242004e-09,-2.082309651586017e-09,-6.807276304842087e-08,-1.71627630970863e-06,4.785305830758881e-09,-2.0763339591834482e-10,-3.491468109457106e-09,-1.8606085622898076e-09,1.7035466045331466e-09,-8.208096608548904e-09,-4.134851908875235e-09,8.048963964691369e-10,8.459195397443568e-10,-1.3519459923768704e-09,-2.4178469500651253e-09,2.899194916772519e-09,1.3007441656553178e-08
california-midterm,2.9336311769180365e-09,-3.240081236335702e-09,0.0,-1.3672649654713594e-08,-1.908373900167666e-09,-8.421676635684655e-09,-3.910582934070489e-10,-3.484491802007276e-08,-1.1290251308321189e-09,-1.0238510244580576e-08,2.909164791153595e-10,-1.1223565997596521e-09,-1.9187172771144156e-08,-1.9285945012338363e-09,-1.807824038619248e-07,-9.863279454053777e-10,1.0193670995972222e-08,0.0002591592970221841,1.0368254716363433e-09,-1.6353410176379339e-10,7.129188900581204e-09,6.321680238285834e-10,-1.620040618167875e-08,-1.0721290866013307e-08,3.0474542590308444e-09,4.253610979495743e-06,3.1317186354429757e-06,-7.003281487748559e-09,3.0387088501770287e-10,5.1097536585552205e-09,2.7229953447226753e-09,-2.4931356157756158e-09,1.2012526066528343e-08,6.051344021081199e-09,-1.1779635894355038e-09,-1.238000843067681e-09,1.97856911881997e-09,3.538512142057846e-09,-4.24296352377278e-09,-1.9036353908828202e-08
celebrities,-4.7396813546191806e-08,2.2518479412233467e-10,0.0,9.502455565236095e-10,1.3263148435861158e-10,5.853043121586126e-10,2.7178448584297216e-11,2.4217126418204807e-09,7.846694977713173e-11,7.115737703393897e-10,-9.508163668146169e-08,7.800348862071618e-11,-2.0175316001551278e-06,1.3403681081680298e-10,1.3857449765868965e-11,6.854953290442857e-11,-7.084574543491493e-10,1.0368254716363433e-09,2.6295758816768423e-06,1.1365577080197811e-11,-4.954767543582047e-10,-4.3935511461915864e-11,1.1259239706116784e-09,7.451268966080358e-10,-2.1179726984042222e-10,-4.2127229976740203e-10,4.0193506197859683e-11,4.867262222668633e-10,-2.111894662242089e-11,-3.5512653593798954e-10,-1.892474605948187e-10,1.7327226986210418e-10,-8.348674035838577e-10,-4.2056681859361757e-10,8.186815978436284e-11,8.604073312826994e-11,-1.3751003360094318e-10,-2.4592566361385806e-10,2.948848494459083e-10,1.3230215920904799e-09
champions-league,3.215817143602331e-11,-3.551744632539947e-11,0.0,-1.4987821749383936e-10,-2.0919403750711466e-11,-9.23175766470071e-11,-4.286741884873877e-12,-3.8196650491720756e-10,-1.2376260519233038e-11,-1.1223352488385456e-10,3.188997336326801e-12,-1.2303160748835223e-11,-2.103278681389708e-10,-2.1141059956414366e-11,-2.1856770133375623e-12,-1.0812028250195184e-11,1.1174200152699531e-10,-1.6353410176379339e-10,1.1365577080197811e-11,1.0417806609005962e-05,7.81494554150145e-11,6.929762625447863e-12,-1.7758723162707576e-10,2.4105263188694664e-07,3.3405888673542886e-11,6.644550025543397e-11,-6.339551942557529e-12,-7.676927095325972e-11,3.3310022376725927e-12,5.601260834712117e-11,2.9849202518724513e-11,2.483401999375447e-08,1.316801088243504e-10,6.633422769003393e-11,-1.291271900589248e-11,-1.3570841373164803e-11,2.1688876714173784e-11,3.8788816054327314e-11,-4.6510941616602417e-11,-2.0867460686049994e-10
claude-5,-1.4019196998789553e-09,1.548365639882333e-09,0.0,6.5338673284159196e-09,9.11971138850091e-10,-3.0776459922309126e-06,1.8687840845226838e-10,1.6651642305059575e-08,5.395370028194476e-10,4.892765430850862e-09,-1.3902277365340994e-10,5.363502542079452e-10,9.169140178387446e-09,9.21634132344666e-10,9.528351662242741e-11,4.71345064807273e-10,4.6253666496813074e-07,7.129188900581204e-09,-4.954767543582047e-10,7.81494554150145e-11,0.00024926966356148374,2.2399181489577702e-07,7.741828199411245e-09,5.123475981390087e-09,-1.4563133204440353e-09,-7.126739784436046e-08,8.308175185254919e-07,3.3467186873119033e-09,-1.452134076286965e-10,-2.4418421687839153e-09,-1.3012613332177696e-09,1.19141627677197e-09,-5.740529712964587e-09,-2.8918080979802057e-09,5.629236472407421e-10,5.916141688222521e-10,-9.455159350195397e-10,-1.690979397561384e-09,2.027621671274441e-09,9.097067064406195e-09
climate-science,-1.243127119505186e-10,1.3729854270642424e-10,0.0,5.793789524395882e-10,8.086740310508298e-11,3.568688081820405e-10,1.6571107290742747e-11,1.4765544799396244e-09,4.7842474874938034e-11,4.338571886102658e-10,-1.2327594809627662e-11,4.7559895664276315e-11,8.130570402343822e-10,8.172425170131046e-11,8.449094735266472e-12,4.179567722441317e-11,-4.3195712406222037e-10,6.321680238285834e-10,-4.3935511461915864e-11,6.929762625447863e-12,2.2399181489577702e-07,6.966248057562983e-06,6.864927135320343e-10,4.543150323909253e-10,-1.2913596857916367e-10,-2.5685603269114085e-10,2.450658290998924e-11,2.96764269873048e-10,-1.2876538160824205e-11,-2.165259694851844e-10,-1.1538701203972032e-10,1.0564669890886613e-10,-5.090311639908549e-10,-2.564258902499564e-10,4.991624357344391e-11,5.246032405494121e-11,-8.384192766880402e-11,-1.499445615761532e-10,1.7979571068695766e-10,8.066660862742528e-10
colombia-election,3.185729665584553e-09,-3.5185141863479297e-09,0.0,-1.484759432435767e-08,-2.0723679904364845e-09,-9.145384499371997e-09,-4.2466347374605786e-10,-3.7839279151658104e-08,-1.2260467098870538e-09,-1.1118345780542181e-08,3.1591607868688903e-10,7.470768982716647e-08,-2.0836002145283534e-08,-2.0943262274429867e-09,-2.165227620179229e-10,-1.0710869929376245e-09,1.106965331858617e-08,-1.620040618167875e-08,1.1259239706116784e-09,-1.7758723162707576e-10,7.741828199411245e-09,6.864927135320343e-10,0.0004421276963710118,-1.1642613643444338e-08,3.3093340137279335e-09,6.5823830104697726e-09,-6.280238517322005e-10,-7.605101066384869e-09,3.299837077424934e-10,5.548854928311e-09,2.9569930661990236e-09,-2.7073805848511623e-09,1.3044809773583447e-08,6.571359861558762e-09,-1.2791906431078354e-09,-1.3443871345556135e-09,2.148595360871688e-09,3.842590435934688e-09,-4.607578101169979e-09,-2.067222282374049e-08
colorado-midterm,2.108288766478321e-09,-4.4237814121482035e-06,0.0,-9.826011497911283e-09,-1.3714754900412596e-09,-6.052337589546767e-09,-2.810386709533287e-10,-2.5041712744461398e-08,-8.113872729242771e-10,-7.358026565834413e-09,2.0907057087758033e-10,-8.065948541431398e-10,-1.3789088803038258e-08,-1.386007264319804e-09,-1.432929202313685e-10,-7.088362517153678e-10,7.3258023091242004e-09,-1.0721290866013307e-08,7.451268966080358e-10,2.4105263188694664e-07,5.123475981390087e-09,4.543150323909253e-10,-1.1642613643444338e-08,0.00013775370220655767,2.190089071599389e-09,4.356165027921347e-09,-4.1562083750898785e-10,-2.4165854598012438e-06,2.1838040800203662e-10,3.6721849435487e-09,1.9569128326767693e-09,2.842197125773703e-07,8.63294403275912e-09,4.348870001833141e-09,-8.465574754139502e-10,-7.892874044284663e-08,1.4219221147259871e-09,2.5429936311848775e-09,-3.049255954235388e-09,-1.3680701042607538e-08
comex-gold-futures,4.569127014381446e-07,6.618668027455287e-10,0.0,2.792977166911937e-09,3.89832612090763e-10,-1.2003902284762424e-07,7.988333731939586e-11,7.117937113193363e-09,2.3063133269101523e-10,2.0914691781377378e-09,-5.942689267749676e-11,2.2926912013582325e-10,3.919455028888868e-09,3.939631704320987e-10,4.0730041326696795e-11,2.0148190001012192e-10,-2.082309651586017e-09,3.0474542590308444e-09,-2.1179726984042222e-10,3.3405888673542886e-11,-1.4563133204440353e-09,-1.2913596857916367e-10,3.3093340137279335e-09,2.190089071599389e-09,0.00012753553807358796,-1.238210382806024e-09,1.18137405955858e-10,1.4305936144568194e-09,-6.20731507774183e-11,-1.0437936798862825e-09,-5.562392086010677e-10,6.635552185249615e-08,-2.4538558266342437e-09,-1.2361368210865594e-09,-4.8415704856039495e-08,3.4713649040637967e-07,-4.041717232267373e-10,-7.22828703081773e-10,8.667303369286998e-10,3.88864654264601e-09
comex-silver-futures,-1.1919629545935862e-09,1.3164766020938985e-09,0.0,5.5553308840535836e-09,7.753909252160571e-10,3.4218093413665137e-09,1.5889079803054611e-10,1.4157829983048681e-08,4.5873392038697305e-10,4.1600065535806714e-09,-1.1820220234727894e-10,4.560244311838057e-10,7.795935401333513e-09,4.732514754795738e-08,-1.424304319518632e-08,4.007546624312713e-10,-6.807276304842087e-08,4.253610979495743e-06,-4.2127229976740203e-10,6.644550025543397e-11,-7.126739784436046e-08,-2.5685603269114085e-10,6.5823830104697726e-09,4.356165027921347e-09,-1.238210382806024e-09,5.6691152566026954e-05,-2.0179074446423725e-06,2.8455015612280473e-09,-1.234657037907736e-10,-1.6074072011093166e-07,-1.106379561949563e-09,1.012985312592861e-09,-4.880806481418093e-09,-2.4587200856679196e-09,4.786180933427415e-10,5.030118149489588e-10,-8.039119270657433e-10,-1.4377319892488213e-09,1.7239574551230053e-09,7.73465622685891e-09
commodities,1.1372494804317129e-10,-1.256047703464433e-10,0.0,4.03085096848868e-08,-7.397989370687081e-11,-3.2647414759068844e-10,-1.5159739386971538e-11,-1.3507957382579413e-09,-4.37677119583321e-11,-3.9690539654945574e-10,1.1277648578533421e-11,-4.350920013321694e-11,-7.438086435890629e-10,-7.476376416193854e-11,-8.477199320805743e-08,-3.8235922507005693e-11,-1.71627630970863e-06,3.1317186354429757e-06,4.0193506197859683e-11,-6.339551942557529e-12,8.308175185254919e-07,2.450658290998924e-11,-6.280238517322005e-10,-4.1562083750898785e-10,1.18137405955858e-10,-2.0179074446423725e-06,1.3101892749235486e-05,-2.714887370957029e-10,1.1779838202696989e-11,8.094702106317463e-08,1.0555945360035227e-10,-9.664872687458305e-11,4.656767740717337e-10,2.345859935643916e-10,-4.5664856938852237e-11,-4.7992257057753774e-11,7.670107681158431e-11,1.3717372267921568e-10,-1.6448243735847202e-10,-7.379620097601184e-10
congress,1.377160630527246e-09,-1.5210202132769995e-09,0.0,-6.107650719581904e-06,-8.958649690919757e-10,-6.093047482477933e-06,-1.8357798013558576e-10,-1.635756043525888e-08,-5.300083300489813e-10,-4.806355118880398e-09,1.365675156991616e-10,-5.26877862071722e-10,-9.007205527214881e-09,-9.053573060745663e-10,-9.360073037131432e-11,-4.630207184490967e-10,4.785305830758881e-09,-7.003281487748559e-09,4.867262222668633e-10,-7.676927095325972e-11,3.3467186873119033e-09,2.96764269873048e-10,-7.605101066384869e-09,-2.4165854598012438e-06,1.4305936144568194e-09,2.8455015612280473e-09,-2.714887370957029e-10,0.00019713003441999334,1.426488179231953e-10,2.3987172026335356e-09,1.2782799744448717e-09,-1.1703748731696028e-09,5.639147177794255e-09,1.4650132638051808e-07,-5.529819468545585e-10,-5.811657699328224e-10,9.288173362265401e-10,-8.711268875176454e-07,-1.9918121840532034e-09,-8.93640528444574e-09
connecticut-primary,-5.975470503963775e-11,6.59967415484909e-11,0.0,2.7849620417722425e-10,3.887138928951949e-11,1.7153990156089814e-10,7.965409271519978e-12,7.097510466897832e-10,2.2996948016510228e-11,2.0854672002528542e-10,-5.925635280086663e-12,5.885407906779453e-10,3.9082072024090783e-10,3.928325975979147e-11,4.061315659806891e-12,2.0090369884861266e-11,-2.0763339591834482e-10,3.0387088501770287e-10,-2.111894662242089e-11,3.3310022376725927e-12,-1.452134076286965e-10,-1.2876538160824205e-11,3.299837077424934e-10,2.1838040800203662e-10,-6.20731507774183e-11,-1.234657037907736e-10,1.1779838202696989e-11,1.426488179231953e-10,4.822771682381579e-06,-7.662922598911457e-08,-5.5464294533144516e-11,5.078231528101626e-11,-2.446813892400658e-10,-3.1705065295673846e-08,2.3993768333241416e-11,2.5216658385141256e-11,-4.0301185447521525e-11,-7.207543708680919e-11,8.642430440877208e-11,3.877487128587381e-10
crypto-prices,-1.0048077579868392e-09,1.1097709856622566e-09,0.0,4.683064644726647e-09,6.53643482901196e-10,2.8845364357228462e-09,1.3394267491161237e-10,1.1934848602804682e-08,3.413253043913783e-08,1.2102216703744352e-07,-9.964276949377442e-11,3.844220867092762e-10,6.5718622729306145e-09,6.605693081318036e-10,-1.5114949548025658e-07,3.378304605092733e-10,-3.491468109457106e-09,5.1097536585552205e-09,-3.5512653593798954e-10,5.601260834712117e-11,-2.4418421687839153e-09,-2.165259694851844e-10,5.548854928311e-09,3.6721849435487e-09,-1.0437936798862825e-09,-1.6074072011093166e-07,8.094702106317463e-08,2.3987172026335356e-09,-7.662922598911457e-08,1.4293763266448241e-05,-9.326621795088346e-10,8.539321603053355e-10,1.841260871203749e-08,-2.072665939219291e-09,4.0346822143277994e-10,4.240317805783698e-10,-6.776862803838143e-10,-1.211987546371029e-09,1.4532715288433888e-09,6.520204803478084e-09
delaware-midterm,-5.354635526819027e-10,5.91398613239778e-10,0.0,2.495612132940214e-09,3.4832758680415295e-10,1.5371737682511638e-09,7.137825120656698e-11,6.3600986186477426e-09,2.0607628265584017e-10,6.563974802055e-08,-5.3099780458599464e-11,2.048591032887312e-10,3.5021552057380567e-09,3.520183693978924e-10,3.6393561148383934e-11,1.800303562055416e-10,-1.8606085622898076e-09,2.7229953447226753e-09,-1.892474605948187e-10,2.9849202518724513e-11,-1.3012613332177696e-09,-1.1538701203972032e-10,2.9569930661990236e-09,1.9569128326767693e-09,-5.562392086010677e-10,-1.106379561949563e-09,1.0555945360035227e-10,1.2782799744448717e-09,-5.5464294533144516e-11,-9.326621795088346e-10,3.299597718155165e-06,4.550617216795383e-10,2.409508979399203e-06,-1.1045267699372914e-09,2.1500881688600815e-10,2.2596716822073598e-10,-3.611400294372293e-10,-6.45869970875147e-10,7.744505649568685e-10,3.4746268632311123e-09
democratic-primary,4.902627750459799e-10,-5.4147611697023e-10,0.0,-2.2849467972295648e-09,-3.189237595656004e-10,-1.4074143302119062e-09,-6.535290654086442e-11,-5.8232153854860866e-09,-1.886804987939704e-10,-1.7110400531393313e-09,4.8617399992174523e-11,-1.8756606676351962e-10,-3.2065232473943525e-09,-3.223029873532587e-10,-3.332142438649303e-11,-1.6483322083039523e-10,1.7035466045331466e-09,-2.4931356157756158e-09,1.7327226986210418e-10,2.483401999375447e-08,1.19141627677197e-09,1.0564669890886613e-10,-2.7073805848511623e-09,2.842197125773703e-07,6.635552185249615e-08,1.012985312592861e-09,-9.664872687458305e-11,-1.1703748731696028e-09,5.078231528101626e-11,8.539321603053355e-10,4.550617216795383e-10,1.2691079500394147e-06,2.0075101502281503e-09,1.0112889227097766e-09,-1.9685899945559343e-10,-2.068923093015543e-10,3.3065464890242596e-10,5.913493134204389e-10,-7.090758674610196e-10,-3.181318690478482e-09
economic-policy,-2.3622037756082387e-09,2.608961954716699e-09,0.0,1.100942234697127e-08,1.536651255862486e-09,6.781260201449569e-09,3.148859967255723e-10,2.8057650039786646e-08,9.091079505127335e-10,-1.847465517294095e-05,-2.3425030752336286e-10,9.037383493846125e-10,1.544979897945492e-08,1.5529331867879672e-09,6.971427791246818e-10,7.942060389037275e-10,-8.208096608548904e-09,1.2012526066528343e-08,-8.348674035838577e-10,1.316801088243504e-10,-5.740529712964587e-09,-5.090311639908549e-10,1.3044809773583447e-08,8.63294403275912e-09,-2.4538558266342437e-09,-4.880806481418093e-09,4.656767740717337e-10,5.639147177794255e-09,-2.446813892400658e-10,1.841260871203749e-08,2.409508979399203e-06,2.0075101502281503e-09,0.0003231119286082075,-4.872632867612187e-09,9.48513930581122e-10,9.968568266897538e-10,-1.5931734975930896e-09,-2.8492629911256166e-09,3.4164977978431978e-09,1.5328357371934508e-08
epstein,-1.1899668408572325e-09,1.314271972311691e-09,0.0,7.896663253700634e-08,7.740924213734015e-10,3.4160790285216877e-09,1.5862471249214398e-10,1.4134120656515318e-08,4.579657043310255e-10,4.153040023125225e-09,-1.180042557258134e-10,4.552607525579783e-10,7.782879984063855e-09,7.822944901816117e-10,8.087783149827132e-11,4.000835409979347e-10,-4.134851908875235e-09,6.051344021081199e-09,-4.2056681859361757e-10,6.633422769003393e-11,-2.8918080979802057e-09,-2.564258902499564e-10,6.571359861558762e-09,4.348870001833141e-09,-1.2361368210865594e-09,-2.4587200856679196e-09,2.345859935643916e-10,1.4650132638051808e-07,-3.1705065295673846e-08,-2.072665939219291e-09,-1.1045267699372914e-09,1.0112889227097766e-09,-4.872632867612187e-09,2.1139467691103837e-05,4.778165783737662e-10,5.021694491778344e-10,2.253374445235595e-08,-1.4353242998471644e-09,1.7210704399320207e-09,7.721703430397587e-09
extended,2.3164070763158917e-10,-2.558381286215904e-10,0.0,-1.0795979624622438e-09,-1.5068597720758617e-10,-2.0457374959997867e-07,-3.087812146350743e-11,-2.751368860217301e-09,-8.914828227132535e-11,-1.8610318239098067e-07,2.297088318879181e-11,-8.862173235301391e-11,-1.5150269444664712e-09,-1.5228260406937904e-10,-1.5743798462888552e-11,-7.788085463100193e-11,8.048963964691369e-10,-1.1779635894355038e-09,8.186815978436284e-11,-1.291271900589248e-11,5.629236472407421e-10,4.991624357344391e-11,-1.2791906431078354e-09,-8.465574754139502e-10,-4.8415704856039495e-08,4.786180933427415e-10,-4.5664856938852237e-11,-5.529819468545585e-10,2.3993768333241416e-11,4.0346822143277994e-10,2.1500881688600815e-10,-1.9685899945559343e-10,9.48513930581122e-10,4.778165783737662e-10,1.9490005563430184e-05,-1.7418423568520585e-07,4.144099865310899e-07,2.7940235398318284e-10,-3.3502612081399594e-10,-1.5031182259245445e-09
fdv,5.5944840919923035e-08,-2.6887742691109856e-10,0.0,-1.1346218165733204e-09,-1.5836598728052575e-10,1.0862276639724834e-07,-3.245188624420164e-11,-2.891597838071711e-09,-9.369190151523522e-11,-8.496405149023742e-10,2.4141639867973286e-11,-9.313851493469067e-11,-1.5922433013557535e-09,-1.600439894010622e-10,-1.654621241687072e-11,-8.185020704944581e-11,8.459195397443568e-10,-1.238000843067681e-09,8.604073312826994e-11,-1.3570841373164803e-11,5.916141688222521e-10,5.246032405494121e-11,-1.3443871345556135e-09,-7.892874044284663e-08,3.4713649040637967e-07,5.030118149489588e-10,-4.7992257057753774e-11,-5.811657699328224e-10,2.5216658385141256e-11,4.240317805783698e-10,2.2596716822073598e-10,-2.068923093015543e-10,9.968568266897538e-10,5.021694491778344e-10,-1.7418423568520585e-07,1.5033775705867993e-05,1.6419112202128555e-10,2.936426498139852e-10,-3.5210139238360194e-10,-1.579727631324218e-09
fifa-world-cup,-3.8907582109656527e-10,4.2971907217431645e-10,0.0,8.143134828761449e-08,2.531000311181267e-10,1.1169334365614282e-09,5.186450423662939e-11,4.621342722415818e-09,1.4973810725540914e-10,1.3578928433672339e-09,-3.8583094177931183e-11,1.488536865337657e-10,2.544718320146122e-09,2.557818089178486e-10,2.6444105514775158e-11,1.308127477811484e-10,-1.3519459923768704e-09,1.97856911881997e-09,-1.3751003360094318e-10,2.1688876714173784e-11,-9.455159350195397e-10,-8.384192766880402e-11,2.148595360871688e-09,1.4219221147259871e-09,-4.041717232267373e-10,-8.039119270657433e-10,7.670107681158431e-11,9.288173362265401e-10,-4.0301185447521525e-11,-6.776862803838143e-10,-3.611400294372293e-10,3.3065464890242596e-10,-1.5931734975930896e-09,2.253374445235595e-08,4.144099865310899e-07,1.6419112202128555e-10,5.607886609532403e-06,-4.692987748302076e-10,5.627273564187874e-10,2.5247158150069545e-09
foreign-policy,-6.958308931620355e-10,7.685180871869176e-10,0.0,-4.912527225993909e-08,4.5264910118518134e-10,1.9975458474254457e-09,2.5564234987509364e-10,-1.5727931625759373e-07,2.6779459237089034e-10,2.4284824159865543e-09,-6.900276868172694e-11,2.662128768611977e-10,4.551024570384607e-09,1.98327865664959e-08,4.72931612850066e-11,2.339481052022171e-10,-2.4178469500651253e-09,3.538512142057846e-09,-2.4592566361385806e-10,3.8788816054327314e-11,-1.690979397561384e-09,-1.499445615761532e-10,3.842590435934688e-09,2.5429936311848775e-09,-7.22828703081773e-10,-1.4377319892488213e-09,1.3717372267921568e-10,-8.711268875176454e-07,-7.207543708680919e-11,-1.211987546371029e-09,-6.45869970875147e-10,5.913493134204389e-10,-2.8492629911256166e-09,-1.4353242998471644e-09,2.7940235398318284e-10,2.936426498139852e-10,-4.692987748302076e-10,1.2103036251020954e-05,1.006392733221013e-09,4.515251694606166e-09
formula1,8.343577695578361e-10,-9.21515620233974e-10,0.0,-3.888655656379373e-09,-5.427630451143298e-10,-2.395219749835652e-09,-1.1122138598110757e-10,-9.91028739686263e-09,-3.2110747163708245e-10,-2.9119477044276424e-09,8.273992537034831e-11,-1.0380552776312997e-07,-5.457048180907369e-09,-5.485140119493827e-10,-5.670834243329235e-11,-2.805227838646024e-10,2.899194916772519e-09,-4.24296352377278e-09,2.948848494459083e-10,-4.6510941616602417e-11,2.027621671274441e-09,1.7979571068695766e-10,-4.607578101169979e-09,-3.049255954235388e-09,8.667303369286998e-10,1.7239574551230053e-09,-1.6448243735847202e-10,-1.9918121840532034e-09,8.642430440877208e-11,1.4532715288433888e-09,7.744505649568685e-10,-7.090758674610196e-10,3.4164977978431978e-09,1.7210704399320207e-09,-3.3502612081399594e-10,-3.5210139238360194e-10,5.627273564187874e-10,1.006392733221013e-09,2.115359052472639e-05,-5.414153596694048e-09
france,3.743404745030726e-09,-4.134444564748044e-09,0.0,-1.744672677237126e-08,-2.435144529887923e-09,-1.0746321666876235e-08,-4.990025612768121e-10,-4.4463200583238125e-08,-1.4406712286361982e-09,-1.3064657934224313e-08,3.7121848748287697e-10,-1.4321619753068935e-09,-2.4483430010000445e-08,-2.4609466465868212e-09,-2.544259619707703e-10,-1.2585851759545532e-09,1.3007441656553178e-08,-1.9036353908828202e-08,1.3230215920904799e-09,-2.0867460686049994e-10,9.097067064406195e-09,8.066660862742528e-10,-2.067222282374049e-08,-1.3680701042607538e-08,3.88864654264601e-09,7.73465622685891e-09,-7.379620097601184e-10,-8.93640528444574e-09,3.877487128587381e-10,6.520204803478084e-09,3.4746268632311123e-09,-3.181318690478482e-09,1.5328357371934508e-08,7.721703430397587e-09,-1.5031182259245445e-09,-1.579727631324218e-09,2.5247158150069545e-09,4.515251694606166e-09,-5.414153596694048e-09,0.00013209905090128774
